3.189
3.192
3.192
3.193
3.192
3.193
3.193
3.192
3.193
3.191
3.191
3.193
3.193
3.193
3.193
3.317
3.198
3.197
3.197
3.197
3.197
3.198
3.197
3.197
3.197
3.197
3.197
3.195
3.196
3.198
3.197
3.197
3.198
3.197
3.197
3.195
3.198
3.196
3.196
3.198
3.196
3.197
3.198
3.197
3.198
3.196
3.199
3.198
3.199
3.199
3.197
3.198
3.198
3.198
3.198
3.196
3.198
3.196
3.198
3.199
3.197
3.199
3.196
3.198
3.201
3.196
3.198
3.197
3.199
3.198
3.196
3.201
3.197
3.199
3.199
3.198
3.2
3.197
3.199
3.197
3.197
3.197
3.198
3.197
3.197
3.198
3.199
3.197
3.2
3.197
3.197
3.198
3.199
3.198
3.199
3.198
3.199
3.198
3.197
3.198
