1.066
1.067
1.065
1.065
1.067
1.067
1.068
1.067
1.069
1.067
1.067
1.069
1.067
1.068
1.067
1.066
1.067
1.067
1.068
1.067
1.068
1.067
1.067
1.067
1.067
1.071
1.068
1.067
1.068
1.067
1.069
1.068
1.068
1.068
1.066
1.067
1.065
1.065
1.066
1.065
1.067
1.065
1.066
1.066
1.065
1.067
1.066
1.067
1.067
1.065
1.067
1.066
1.066
1.065
1.066
1.067
1.066
1.066
1.065
1.066
1.067
1.065
1.066
1.068
1.067
1.067
1.066
1.066
1.066
1.066
1.066
1.066
1.066
1.065
1.065
1.066
1.066
1.066
1.066
1.067
1.069
1.066
1.066
1.066
1.066
1.065
1.066
1.066
1.066
1.065
1.066
1.065
1.067
1.067
1.07
1.068
1.068
1.068
1.068
1.067
1.068
1.066
1.066
1.066
1.065
1.067
1.066
1.066
1.066
1.066
1.066
1.066
1.066
1.066
1.065
1.066
1.067
1.067
1.067
1.067
1.067
1.066
1.065
1.065
1.065
1.066
1.065
1.065
1.066
1.065
1.067
1.065
1.065
1.066
1.065
1.067
1.065
1.066
1.065
1.066
1.067
1.065
1.066
1.065
1.065
1.067
1.066
1.065
1.065
1.065
1.066
1.065
1.065
1.065
1.066
1.068
1.065
1.066
1.066
1.066
1.067
1.066
1.066
1.066
1.066
1.066
1.065
1.065
1.066
1.066
1.067
1.066
1.065
1.066
1.066
1.067
1.065
1.066
1.065
1.065
1.072
1.068
1.067
1.067
1.066
1.067
1.066
1.066
1.066
1.066
1.066
1.066
1.065
1.065
1.066
1.067
1.068
1.068
1.066
1.067
1.065
1.065
1.065
1.065
1.067
1.065
1.066
1.065
1.066
1.067
1.065
1.068
1.067
1.067
1.071
1.068
1.067
1.068
1.068
1.068
1.066
1.065
1.065
1.065
1.066
1.066
1.068
1.067
1.069
1.068
1.066
1.07
1.065
1.065
1.069
1.067
1.066
1.065
1.068
1.068
1.066
1.066
1.065
1.066
1.066
1.065
1.067
1.067
1.068
1.066
1.067
1.067
1.066
1.066
1.067
1.065
1.065
1.066
1.066
1.068
1.067
1.067
1.067
1.068
1.069
1.069
1.067
1.067
1.067
1.069
1.068
1.067
1.068
1.067
1.068
1.067
1.066
1.066
1.066
1.067
1.066
1.067
1.07
1.068
1.069
1.068
1.068
1.068
1.068
1.067
1.067
1.065
1.065
1.067
1.068
1.067
1.065
1.065
1.065
1.066
