12.481
8.316
15.114
12.786
6.663
5.768
8.386
13.349
12.02
6.827
6.103
5.425
6.488
5.447
6.014
6.325
6.6
5.258
5.358
5.574
6.586
6.707
6.589
6.872
6.601
9.074
6.686
10.036
6.886
6.848
6.513
6.922
5.735
7.714
9.012
6.957
7.968
5.473
6.565
9.826
10.685
5.626
6.595
14.404
13.298
10.759
7.242
6.453
6.356
7.408
5.597
5.207
5.835
5.684
5.848
5.727
5.735
6.33
5.731
6.237
5.139
5.318
5.646
5.436
5.677
9.13
5.561
5.416
5.714
5.835
3.851
5.006
5.174
5.27
5.949
5.403
2.936
5.521
5.515
8.36
8.529
6.161
5.633
7.298
6.747
7.074
8.964
5.701
5.045
6.585
5.869
5.212
5.973
6.026
5.849
7.389
6.778
6.567
5.138
6.884
5.827
5.828
5.545
5.87
6.027
6.848
6.141
7.073
5.936
7.241
5.84
5.258
4.72
5.302
5.016
5.199
4.735
3.295
5.362
5.486
4.451
2.765
4.932
5.788
5.31
5.274
5.296
5.594
9.515
6.737
9.143
5.973
5.822
5.678
5.191
4.999
5.856
5.636
5.703
6.1
6.026
5.145
6.236
6.332
7.706
9.628
6.375
6.296
5.244
5.254
5.079
5.111
6.014
5.858
8.919
10.03
7.728
6.125
5.449
7.037
5.506
5.494
6.39
4.957
8.862
6.467
6.465
5.817
4.98
7.591
6.248
6.59
6.081
8.096
5.492
5.934
7.644
6.459
9.047
5.433
5.113
5.94
5.521
5.38
5.613
5.247
5.973
6.243
6.26
8.684
5.515
5.768
6.122
4.785
5.113
5.089
5.732
5.339
2.77
3.863
5.071
5.124
5.313
3.348
2.789
2.838
2.841
7.728
9.359
5.072
7.05
5.691
6.511
6.806
6.676
7.028
9.951
10.178
8.498
5.667
5.162
5.133
5.85
6.56
6.455
5.581
5.552
5.829
5.322
5.942
5.581
7.616
5.147
5.64
6.134
6.582
5.01
7.682
10.56
10.372
6.666
6.779
7.643
7.722
5.941
6.431
10.383
7.675
5.256
5.433
5.952
5.928
5.5
6.181
6.413
6.381
12.243
12.795
9.972
6.325
6.166
5.391
8.021
10.398
9.176
5.224
5.45
5.58
5.904
6.121
5.802
6.227
6.595
6.151
6.116
5.638
5.777
5.189
5.268
5.402
6.37
5.85
5.347
10.929
8.809
5.327
6.218
5.993
5.987
5.156
5.126
6.194
5.577
5.948
6.469
5.395
5.476
5.732
14.347
13.004
10.157
10.641
10.901
11.714
8.411
5.405
5.209
7.655
12.911
10.891
6.462
5.587
5.192
5.094
5.669
5.885
6.421
6.213
9.407
8.713
8.229
6.296
5.351
5.743
6.317
5.978
6.004
8.646
5.336
5.155
5.415
5.686
6.041
6.457
5.467
6.579
5.803
5.526
5.858
5.49
5.551
5.693
5.986
5.726
5.609
6.002
5.837
5.492
5.369
5.321
5.568
14.269
14.542
14.743
12.293
12.705
12.267
9.915
7.242
6.803
6.755
6.767
6.631
8.605
14.482
13.604
14.798
14.629
12.409
14.133
9.98
10.67
11.683
10.764
11.76
10.574
11.746
10.89
12.288
11.81
11.799
11.465
10.744
8.05
6.423
5.394
6.79
10.669
5.224
10.828
11.236
11.842
8.158
6.377
6.333
8.558
12.085
10.918
6.362
5.936
5.452
6.545
6.077
5.77
5.715
5.731
5.895
6.962
5.831
6.325
6.503
5.591
7.093
5.898
5.303
6.023
7.054
6.838
6.804
6.808
6.851
5.528
5.153
2.978
2.761
2.811
6.044
3.81
2.776
2.782
2.754
2.786
4.316
2.792
2.809
3.228
3.031
4.933
5.611
5.429
5.147
4.163
5.707
3.38
2.928
3.362
5.383
5.26
5.268
5.608
5.406
5.145
5.449
5.896
6.281
6.333
5.504
5.337
5.103
5.326
5.599
5.654
5.762
6.293
6.49
5.599
6.589
6.392
6.306
5.669
5.197
5.228
5.317
5.5
5.778
5.329
2.755
2.783
2.754
2.684
2.529
2.455
5.077
5.281
5.229
5.014
5.187
5.36
5.724
6.491
2.78
2.525
2.662
2.912
2.812
2.77
2.74
4.613
5.713
2.955
2.793
2.97
2.908
2.792
2.821
2.849
2.856
4.799
4.851
2.846
6.003
5.476
5.389
5.213
5.587
5.963
5.567
5.915
5.951
5.587
5.211
5.088
5.461
5.641
5.796
6.318
6.052
5.765
5.322
5.305
5.382
5.641
5.677
6.18
6.303
5.743
5.336
5.321
5.371
5.81
5.632
6.164
6.194
5.613
5.485
3.833
2.773
2.8
2.707
2.529
3.622
7.127
6.587
5.115
4.924
5.315
6.398
5.852
2.662
2.6
3.254
2.734
3.802
5.568
5.162
5.54
5.587
6.167
6.141
6.428
5.994
5.523
5.433
5.223
5.634
5.738
6.243
5.833
5.696
5.319
5.57
5.62
5.993
6.464
6.172
6.366
5.831
6.336
5.963
5.346
10.182
9.24
6.61
7.083
6.616
6.054
5.577
6.995
6.547
7.008
6.255
5.475
6.542
6.775
6.04
5.504
6.49
5.512
5.778
6.876
5.627
5.57
6.942
5.662
2.803
2.505
6.182
6.442
6.353
11.558
13.299
13.341
11.554
5.909
6.081
6.534
6.01
6.12
6.406
6.793
6.205
5.558
5.493
5.498
6.3
5.747
6.111
5.465
2.832
4.78
5.339
5.436
5.807
7.308
5.708
5.167
5.562
6.102
6.325
6.442
5.494
5.325
5.728
5.814
7.865
12.113
5.749
5.577
6.088
6.726
9.213
9.618
5.893
4.06
5.362
5.501
5.532
6.122
6.47
6.632
6.18
6.668
6.199
5.527
4.463
5.972
3.42
3.24
5.95
5.316
7.25
12.255
11.388
6.05
5.885
6.447
6.407
5.753
2.958
5.54
11.654
8.33
6.705
6.069
6.817
6.032
6.466
6.147
3.099
2.448
2.443
5.075
5.335
5.37
5.481
4.424
4.736
5.497
5.461
3.953
2.801
2.577
2.466
4.182
5.45
5.425
5.312
4.178
2.757
4.969
5.468
5.772
4.768
2.477
2.433
4.842
5.415
5.489
5.491
3.928
4.945
5.599
5.553
5.438
2.6
2.465
4.411
5.44
5.505
5.586
3.808
5.654
5.439
5.525
5.904
2.621
2.504
2.875
5.427
5.263
5.79
5.913
3.2
5.399
5.378
5.427
2.73
2.588
2.505
4.533
5.393
5.412
5.532
3.987
4.361
5.606
5.459
5.598
3.212
2.463
2.412
5.553
5.434
5.446
5.53
2.784
3.137
5.489
5.573
4.644
2.874
2.575
2.447
4.065
5.58
5.684
5.71
4.094
4.268
5.517
5.657
5.496
3.737
2.455
2.714
5.633
5.4
5.547
5.447
2.792
5.578
5.38
5.543
5.012
2.438
2.454
4.318
5.36
5.449
5.455
4.443
4.784
5.523
5.678
4.563
3.51
2.486
2.487
5.196
5.342
5.446
6.033
3.112
5.571
5.431
5.463
5.625
2.47
2.463
2.488
2.452
2.438
2.425
2.444
2.481
2.486
2.528
2.442
2.459
2.485
2.461
2.448
2.422
2.454
2.489
2.469
2.444
2.423
2.434
2.478
2.474
2.463
2.435
2.444
2.469
2.473
2.439
2.427
2.43
2.483
2.457
2.455
2.438
2.414
2.469
2.463
2.459
2.434
2.433
2.471
2.467
2.458
2.435
2.422
2.444
2.464
2.471
2.445
2.42
2.428
2.458
2.47
2.468
2.432
2.419
2.464
2.469
2.457
2.448
2.41
2.447
2.468
2.463
2.453
2.423
2.443
2.476
2.464
2.464
2.431
2.43
2.453
2.479
2.46
2.449
2.484
2.448
2.476
2.474
2.47
2.423
2.439
2.484
2.501
2.485
2.43
2.431
2.478
2.505
2.463
2.447
2.424
2.444
2.461
2.473
2.467
2.43
2.432
2.468
2.495
2.483
2.457
2.451
2.477
2.471
2.464
2.453
2.434
2.444
2.474
2.451
2.46
2.433
2.425
2.521
2.591
2.732
2.449
2.429
2.451
2.484
2.495
2.463
2.454
2.43
2.482
2.487
2.489
2.467
2.427
2.464
2.502
2.496
2.477
2.452
2.458
2.488
2.499
2.485
2.475
2.445
2.493
2.467
2.483
2.465
2.453
2.471
2.497
2.481
2.485
2.447
2.421
2.515
2.49
2.477
2.47
2.446
2.463
2.475
2.482
2.465
2.461
2.438
2.481
2.487
2.49
2.467
2.447
2.421
2.484
