0.146
0.155
0.151
0.14
0.142
0.145
0.135
0.132
0.129
0.13
0.127
0.121
0.118
0.116
0.124
0.124
0.122
0.121
0.119
0.123
0.122
0.12
0.125
0.123
0.121
0.127
0.118
0.122
0.123
0.128
0.122
0.127
0.121
0.124
0.123
0.129
0.116
0.118
0.12
0.124
0.125
0.124
0.12
0.115
0.117
0.117
0.118
0.122
0.117
0.119
0.122
0.123
0.118
0.124
0.124
0.118
0.116
0.116
0.121
0.118
0.121
0.119
0.116
0.122
0.123
0.119
0.117
0.114
0.115
0.117
0.118
0.117
0.127
0.123
0.117
0.124
0.121
0.117
0.117
0.114
0.116
0.12
0.118
0.119
0.117
0.116
0.118
0.123
0.118
0.118
0.118
0.118
0.121
0.119
0.12
0.122
0.118
0.116
0.115
0.117
0.117
0.118
0.122
0.116
0.121
0.116
0.122
0.117
0.121
0.12
0.117
0.118
0.123
0.122
0.12
0.123
0.125
0.117
0.117
0.117
0.115
0.12
0.123
0.131
0.121
0.124
0.116
0.118
0.118
0.126
0.122
0.123
0.124
0.12
0.123
0.123
0.118
0.119
0.116
0.117
0.128
0.119
0.121
0.125
0.123
0.121
0.12
0.119
0.116
0.118
0.126
0.13
0.115
0.121
0.121
0.122
0.121
0.118
0.117
0.119
0.116
0.123
0.12
0.12
0.117
0.114
0.122
0.118
0.122
0.121
0.121
0.12
0.119
0.119
0.123
0.122
0.121
0.123
0.121
0.113
0.119
0.122
0.122
0.12
0.121
0.124
0.117
0.126
0.118
0.126
0.13
0.121
0.117
0.116
0.119
0.118
0.12
0.118
0.122
0.119
