0.1
0.068
0.063
0.061
0.059
0.06
0.065
0.063
0.063
0.062
0.062
0.062
0.062
0.059
0.056
0.063
0.061
0.057
0.057
0.06
0.057
0.055
0.055
0.053
0.053
0.052
0.053
0.053
0.053
0.052
0.052
0.051
0.051
0.05
0.055
0.055
0.054
0.05
0.049
0.053
0.05
0.048
0.048
0.049
0.049
0.048
0.054
0.055
0.049
0.05
0.049
0.049
0.049
0.049
0.049
0.052
0.049
0.05
0.049
0.053
0.049
0.05
0.05
0.049
0.051
0.05
0.049
0.05
0.049
0.049
0.05
0.049
0.05
0.051
0.049
0.051
0.053
0.051
0.054
0.06
0.05
0.05
0.049
0.05
0.051
0.051
0.05
0.05
0.049
0.048
0.049
0.049
0.05
0.05
0.052
0.054
0.054
0.054
0.053
0.054
0.053
0.052
0.053
0.053
0.053
0.053
0.053
0.053
0.054
0.053
0.055
0.054
0.049
0.054
0.053
0.055
0.054
0.049
0.049
0.054
0.049
0.055
0.049
0.049
0.049
0.049
0.049
0.055
0.055
0.054
0.05
0.055
0.054
0.055
0.051
0.05
0.05
0.054
0.054
0.054
0.054
0.054
0.055
0.05
0.055
0.055
0.055
0.055
0.049
0.054
0.054
0.054
0.054
0.054
0.054
0.055
0.054
0.056
0.054
0.05
0.054
0.055
0.054
0.054
0.055
0.055
0.055
0.05
0.05
0.05
0.054
0.051
0.054
0.054
0.054
0.054
0.054
0.054
0.054
0.054
0.055
0.054
0.056
0.054
0.048
0.055
0.053
0.053
0.054
0.049
0.054
0.049
0.051
0.05
0.054
0.054
0.054
0.055
0.055
0.054
0.054
0.05
0.051
0.054
0.054
0.054
0.055
0.05
0.05
0.054
0.049
0.049
0.049
0.05
0.049
0.048
0.054
0.049
0.054
0.055
0.054
0.054
0.055
0.055
0.054
0.055
0.05
0.053
0.054
0.049
0.049
0.049
0.049
0.048
0.05
0.049
0.049
0.054
0.055
0.054
0.054
0.055
0.056
0.049
0.049
0.049
0.049
0.049
0.055
0.049
0.05
0.052
0.049
0.054
0.049
0.054
0.054
0.055
0.054
0.052
0.053
0.048
0.049
0.048
0.048
0.048
0.048
0.048
0.048
0.049
0.048
0.048
0.053
0.053
0.054
0.05
0.053
0.053
0.053
0.053
0.053
0.054
0.053
0.054
0.054
0.053
0.051
0.054
0.049
0.049
0.049
0.05
0.053
0.05
0.049
0.05
0.05
0.055
0.054
0.054
0.054
0.055
0.055
0.05
0.05
0.055
0.05
0.051
0.056
0.054
0.054
0.055
0.054
0.05
0.05
0.055
0.055
0.051
0.05
0.054
0.055
0.05
0.054
0.054
0.054
0.055
0.054
0.055
0.049
0.055
0.054
0.054
0.054
0.054
0.054
0.054
0.05
0.049
0.05
0.05
0.054
0.056
0.055
0.054
0.054
0.055
0.054
0.055
0.055
0.054
0.049
0.052
0.05
0.05
0.052
0.056
0.054
0.054
0.054
0.054
0.054
0.054
0.054
0.056
0.055
0.054
0.054
0.054
0.054
0.054
0.053
0.053
0.052
0.055
0.054
0.054
0.054
0.054
0.053
0.053
0.054
0.053
0.054
0.053
0.054
0.05
0.055
0.05
0.055
0.054
0.055
0.049
0.056
0.054
0.054
0.055
0.056
0.054
0.053
0.053
0.054
0.053
0.053
0.055
0.054
0.054
0.056
0.053
0.054
0.053
0.055
0.054
0.054
0.054
0.055
0.054
0.054
0.054
0.055
0.055
0.054
0.054
0.055
0.054
0.054
0.054
0.055
0.055
0.053
0.054
0.055
0.054
0.054
0.054
0.057
0.054
0.054
0.055
0.054
0.054
0.055
0.055
0.052
0.05
0.05
0.05
0.055
0.051
0.052
0.05
0.05
0.05
0.049
0.05
0.05
0.05
0.051
0.05
0.05
0.054
0.055
0.054
0.055
0.054
0.054
0.055
0.055
0.055
0.05
0.05
0.054
0.054
0.053
0.05
0.055
0.054
0.05
0.053
0.05
0.049
0.049
0.049
0.054
0.051
0.049
0.05
0.055
0.055
0.054
0.055
0.054
0.058
0.056
0.055
0.054
0.056
0.054
0.054
0.054
0.055
0.051
0.05
0.05
0.055
0.05
0.054
0.055
0.05
0.051
0.055
0.054
0.05
0.049
0.05
0.055
0.055
0.051
0.05
0.057
0.054
0.055
0.055
0.055
0.055
0.054
0.055
0.054
0.054
0.055
0.054
0.055
0.055
0.054
0.055
0.055
0.05
0.05
0.054
0.05
0.048
0.046
0.046
0.046
0.046
0.046
0.046
0.051
0.048
0.05
0.046
0.05
0.05
0.049
0.049
0.047
0.046
0.046
0.051
0.05
0.05
0.045
0.046
0.046
0.049
0.049
0.051
0.046
0.046
0.049
0.049
0.048
0.046
0.047
0.046
0.045
0.046
0.047
0.046
0.046
0.046
0.051
0.051
0.051
0.051
0.051
0.046
0.05
0.051
0.051
0.051
0.051
0.047
0.046
0.046
0.046
0.046
0.05
0.05
0.05
0.05
