0.179
0.142
0.108
0.109
0.109
0.111
0.096
0.084
0.082
0.082
0.081
0.081
0.079
0.079
0.082
0.078
0.079
0.078
0.078
0.078
0.079
0.085
0.078
0.078
0.078
0.078
0.077
0.077
0.077
0.077
0.077
0.077
0.077
0.075
0.076
0.074
0.073
0.074
0.074
0.073
0.076
0.089
0.073
0.074
0.073
0.065
0.062
0.062
0.062
0.063
0.062
0.062
0.062
0.062
0.062
0.062
0.063
0.064
0.063
0.062
0.062
0.062
0.062
0.061
0.061
0.074
0.063
0.064
0.061
0.061
0.061
0.062
0.062
0.062
0.062
0.063
0.062
0.062
0.062
0.062
0.062
0.062
0.062
0.063
0.062
0.062
0.062
0.062
0.063
0.062
0.062
0.062
0.062
0.062
0.062
0.062
0.062
0.062
0.062
0.062
0.062
0.062
0.062
0.062
0.062
0.063
0.062
0.062
0.062
0.062
0.062
0.062
0.062
0.062
0.062
0.062
0.062
0.062
0.062
0.063
0.062
0.062
0.062
0.062
0.062
0.062
0.062
0.062
0.062
0.062
0.061
0.061
0.062
0.062
0.062
0.062
0.062
0.062
0.062
0.062
0.069
0.073
0.063
0.062
0.062
0.062
0.062
0.091
0.073
0.077
0.066
0.065
0.061
0.062
0.062
0.061
0.062
0.061
0.061
0.062
0.061
0.062
0.061
0.061
0.062
0.062
0.061
0.063
0.074
0.074
0.074
0.074
0.074
0.074
0.074
0.074
0.074
0.074
0.074
0.074
0.074
0.074
0.074
0.074
0.074
0.074
0.074
0.073
0.074
0.074
0.061
0.062
0.063
0.062
0.062
0.062
0.062
0.061
0.063
0.062
0.061
0.062
0.062
0.062
0.061
0.062
0.062
0.062
0.061
0.061
0.062
0.062
0.062
0.062
0.061
0.062
0.061
0.062
0.062
0.063
0.062
0.063
0.062
0.062
0.062
0.062
0.061
0.062
0.062
0.062
0.062
0.062
0.062
0.062
0.063
0.063
0.074
0.081
0.073
0.073
0.073
0.073
0.073
0.073
0.073
0.073
0.073
0.073
0.073
0.073
0.073
0.073
0.073
0.073
0.073
0.073
0.073
0.073
0.073
0.073
0.073
0.073
0.073
0.073
0.073
0.073
0.073
0.063
0.062
0.062
0.063
0.063
0.063
0.063
0.063
0.063
0.063
0.063
0.064
0.063
0.063
0.064
0.063
0.063
0.063
0.063
0.063
0.062
0.064
0.064
0.064
0.064
0.062
0.063
0.063
0.064
0.063
0.063
0.063
0.095
0.073
0.062
0.065
0.063
0.064
0.064
0.064
0.064
0.064
0.064
0.064
0.064
0.064
0.063
0.063
0.062
0.064
0.063
0.062
0.063
0.063
0.063
0.064
0.063
0.063
0.063
0.063
0.064
0.062
0.063
0.064
0.064
0.062
0.067
0.062
0.062
0.062
0.062
0.062
0.061
0.062
0.062
0.062
0.062
0.062
0.062
0.061
0.062
0.062
0.062
0.074
0.074
0.074
0.074
0.074
0.074
0.074
0.074
0.074
0.074
0.074
0.074
0.074
0.074
0.074
0.074
0.075
0.095
0.076
0.074
0.074
0.074
0.074
0.074
0.074
0.074
0.074
0.074
0.074
0.074
0.074
0.075
0.076
0.074
0.073
0.074
0.073
0.073
0.073
0.073
0.072
0.062
0.062
0.062
0.062
0.062
0.062
0.062
0.061
0.062
0.062
0.062
0.062
0.062
0.062
0.062
0.062
0.062
0.062
0.062
0.063
0.062
0.062
0.07
0.063
0.062
0.062
0.095
0.071
0.064
0.062
0.062
0.062
0.062
0.062
0.062
0.063
0.063
0.063
0.062
0.062
0.062
0.063
0.062
0.062
0.062
0.062
0.062
0.062
0.062
0.062
0.062
0.062
0.062
0.063
0.062
0.062
0.062
0.062
0.062
0.062
0.062
0.062
0.062
0.063
0.062
0.062
0.062
0.069
0.062
0.063
0.063
0.082
0.092
0.062
0.062
0.062
0.062
0.063
0.063
0.062
0.062
0.061
0.062
0.062
0.062
0.062
0.062
0.062
0.063
0.062
0.062
0.062
0.063
0.062
0.062
0.07
0.062
0.062
0.062
0.062
0.062
0.062
0.062
0.062
0.062
0.062
0.062
0.062
0.062
0.062
0.062
0.062
0.062
0.061
0.062
0.062
0.062
0.062
0.062
0.062
0.061
0.062
0.062
0.062
0.062
0.062
0.079
0.078
0.077
0.063
0.063
0.062
0.063
0.061
0.062
0.063
0.062
0.062
0.062
0.062
0.062
0.062
0.062
0.062
0.062
0.062
0.062
0.062
0.062
0.062
0.062
0.061
0.062
0.062
0.062
0.061
0.062
0.062
0.062
0.062
0.062
0.062
0.062
0.062
0.062
0.062
0.062
0.062
0.061
0.062
0.063
0.094
0.073
0.062
0.062
0.062
0.062
0.062
0.062
0.062
0.062
0.062
0.064
0.062
0.063
0.062
0.062
0.062
0.061
0.062
0.062
0.062
0.062
0.062
0.062
0.062
0.062
0.063
0.062
0.062
0.062
0.062
0.062
0.062
0.062
0.062
0.082
0.086
0.062
