2.389
2.387
2.391
2.394
2.395
2.393
2.395
2.397
2.396
2.394
2.395
2.4
2.391
2.402
2.406
2.409
2.406
2.393
2.411
2.411
2.415
2.397
2.399
2.384
2.401
2.404
2.413
2.4
2.402
2.403
2.387
2.404
2.404
2.405
2.405
2.407
2.398
2.408
2.41
2.41
2.412
2.393
2.414
2.413
2.397
2.415
2.413
2.397
2.397
2.399
2.412
2.401
2.396
2.401
2.405
2.415
2.39
2.415
2.403
2.4
2.407
2.414
2.414
2.396
2.413
2.413
2.399
2.414
2.415
2.415
2.42
2.478
2.401
2.401
2.415
2.404
2.399
2.403
2.415
2.406
2.4
2.414
2.405
2.414
2.392
2.414
2.41
2.398
2.413
2.41
2.398
2.412
2.414
2.397
2.41
2.415
2.399
2.397
2.412
2.4
2.411
2.399
2.402
2.41
2.398
2.405
2.411
2.396
2.408
2.411
2.414
2.392
2.412
2.415
2.393
2.408
2.417
2.395
2.407
2.412
2.395
2.392
2.409
2.396
2.399
2.397
2.413
2.395
2.401
2.399
2.42
2.414
2.397
2.41
2.406
2.401
2.397
2.411
2.414
2.411
2.397
2.415
2.415
2.396
2.407
2.495
2.431
2.405
2.401
2.426
2.535
2.4
2.397
2.39
2.392
2.391
2.394
2.392
2.393
3.312
2.466
2.421
2.426
2.424
2.414
2.422
2.406
2.41
2.41
2.411
2.409
2.397
2.404
2.389
2.408
2.388
2.407
2.387
2.391
2.406
2.815
2.423
2.416
2.393
2.601
2.431
2.439
2.435
2.386
2.412
2.386
2.405
2.402
2.388
2.387
2.403
2.403
2.387
2.382
2.401
2.398
2.392
2.387
2.383
2.415
2.391
2.385
2.4
2.397
2.391
2.389
2.402
2.41
2.386
2.385
2.401
2.401
2.4
2.388
2.467
2.421
2.427
2.439
2.441
2.395
2.433
2.67
2.953
2.474
2.576
2.449
2.445
2.411
2.426
2.412
2.412
2.395
2.416
2.394
2.43
2.387
2.385
2.396
2.409
2.385
2.384
2.398
2.41
2.383
2.383
2.384
2.407
2.401
2.386
2.391
2.409
2.407
2.383
2.389
2.423
2.395
2.387
2.394
2.414
2.406
2.39
2.387
2.415
2.415
2.391
2.388
2.397
2.427
2.386
2.389
2.4
2.414
2.406
2.385
2.4
2.413
2.404
2.386
2.657
2.432
2.422
2.419
2.418
2.422
2.404
2.434
2.394
2.408
2.428
2.388
2.386
2.426
2.42
2.388
2.389
2.411
3.251
2.436
2.436
2.393
2.426
2.396
2.43
2.388
2.396
2.474
2.422
2.416
2.438
2.423
2.413
2.437
2.409
2.42
2.396
2.419
2.584
2.477
2.408
2.503
2.449
2.433
2.429
2.416
2.426
2.408
2.39
2.426
2.403
2.385
2.41
2.418
2.386
2.387
2.401
2.415
2.413
2.386
2.401
2.41
2.414
2.389
2.397
2.426
2.403
2.389
2.389
2.417
2.416
2.391
2.388
2.416
2.42
2.387
2.39
2.407
2.411
2.402
2.39
2.411
2.419
2.408
2.389
2.398
2.417
2.411
2.394
2.392
2.42
2.421
2.388
2.387
2.407
2.42
2.404
2.388
2.397
2.433
2.404
2.386
2.398
2.417
2.411
2.391
2.392
2.413
2.42
2.397
2.388
2.407
2.418
2.412
2.389
2.402
2.412
2.419
2.395
2.387
2.423
2.419
2.403
2.39
2.395
2.414
2.423
2.394
2.393
2.416
2.418
2.408
2.388
2.405
2.419
2.427
2.39
2.403
2.416
2.434
2.389
2.393
2.426
2.421
2.406
2.391
2.408
2.427
2.416
2.388
2.402
2.428
2.421
2.401
2.394
2.413
2.421
2.427
2.389
2.399
2.418
2.421
2.406
2.391
2.422
2.433
2.422
2.397
2.411
2.425
2.427
2.394
2.393
2.422
2.429
2.418
2.389
2.407
2.422
2.422
2.394
2.387
2.42
2.423
2.419
2.386
2.407
2.424
2.412
2.408
2.389
2.412
2.425
2.415
2.4
2.387
2.426
2.415
2.424
2.388
2.404
2.423
2.419
2.409
2.386
2.411
2.421
2.432
2.387
2.398
2.423
2.417
2.42
2.388
2.407
2.423
2.434
2.403
2.389
2.411
2.424
2.434
2.393
2.39
2.42
2.425
2.434
2.389
2.395
2.423
2.424
2.423
2.391
2.411
2.424
2.418
2.413
2.389
2.423
2.425
2.419
2.402
2.396
2.422
2.425
2.423
2.394
2.415
2.42
2.431
2.404
2.391
2.419
2.423
2.423
2.406
2.391
2.424
2.418
2.433
2.403
2.396
2.417
2.424
2.432
2.389
2.401
2.423
2.425
2.425
2.388
2.412
2.42
2.427
2.419
2.392
2.407
2.421
2.425
2.42
2.392
2.417
2.422
2.422
2.42
2.393
2.414
2.431
2.431
2.402
2.397
2.418
2.433
2.421
2.408
2.404
2.416
2.423
2.431
2.394
2.404
2.428
2.422
2.43
2.389
2.409
2.432
2.423
2.424
2.391
2.424
2.421
2.428
2.417
2.399
2.426
2.42
2.434
2.407
2.393
2.419
2.432
2.431
2.406
2.399
2.421
2.423
2.427
2.41
2.397
2.421
2.431
2.433
2.4
2.403
2.425
2.423
2.433
2.404
2.412
2.424
2.423
2.423
2.405
2.409
2.427
2.424
2.432
2.396
2.4
2.433
2.422
2.432
2.399
2.401
2.43
2.422
2.429
2.403
2.408
2.424
2.431
2.433
2.399
2.4
2.424
2.425
2.427
2.414
2.405
2.421
2.44
2.435
2.412
2.404
2.422
2.434
2.429
2.412
2.404
2.429
2.422
2.441
2.401
2.403
2.429
2.423
2.437
2.409
2.398
2.427
2.433
2.42
2.429
2.395
2.426
2.427
2.424
2.435
2.39
2.421
2.427
2.432
2.43
2.395
2.423
2.423
2.434
2.432
2.395
2.422
2.425
2.419
2.436
2.4
2.411
2.424
2.426
2.441
2.408
2.405
2.419
2.425
2.437
2.423
2.391
2.428
2.421
2.431
2.435
2.391
2.416
2.432
2.43
2.43
2.406
2.41
2.425
2.428
2.441
2.409
2.396
2.428
2.425
2.434
2.43
2.395
2.428
2.426
2.433
2.427
2.405
2.416
2.427
2.432
2.429
2.416
2.413
2.426
2.431
2.438
2.413
2.403
2.422
2.423
2.432
2.432
2.395
2.426
2.428
2.432
2.431
2.403
2.416
2.428
2.428
2.436
2.414
2.41
2.427
2.435
2.435
2.416
2.399
2.425
2.433
2.429
2.436
2.396
2.428
2.428
2.43
2.428
2.412
2.433
2.43
2.435
2.436
2.424
2.404
2.428
2.433
2.431
2.439
2.395
2.431
2.435
2.432
2.432
2.407
2.415
2.43
2.436
2.431
2.427
2.403
2.428
2.428
2.431
2.45
2.399
2.427
2.424
2.436
2.435
2.423
2.398
2.434
2.43
2.433
2.443
2.393
2.418
2.432
2.436
2.432
2.417
2.405
2.433
2.431
2.433
2.443
2.391
2.426
2.438
2.432
2.44
2.409
2.417
2.427
2.441
2.436
2.427
2.407
2.428
2.427
2.431
2.432
2.406
2.425
2.425
2.432
2.444
2.419
2.402
2.423
2.436
2.434
2.443
2.401
2.417
2.432
2.436
2.43
2.426
2.406
2.433
2.433
2.431
2.444
2.4
2.419
2.432
2.43
2.432
2.433
2.399
2.43
2.435
2.429
2.44
2.411
2.416
2.43
2.431
2.442
2.434
2.398
2.42
2.437
2.442
2.44
2.41
2.413
2.435
2.431
2.433
2.435
2.407
2.424
2.435
2.428
2.433
2.423
2.403
2.421
2.437
2.437
2.44
2.412
2.416
2.424
2.435
2.432
2.448
2.399
2.42
2.434
2.44
2.431
2.428
2.405
2.428
2.436
2.437
2.438
2.408
2.418
2.435
2.431
2.443
2.435
2.403
2.43
2.434
2.433
2.435
2.429
2.409
2.43
2.441
2.432
2.442
2.406
2.423
2.423
2.433
2.433
2.44
2.404
2.429
2.425
2.44
2.43
2.443
2.4
2.429
2.43
2.433
2.443
2.427
2.409
2.432
2.432
3.203
3.052
2.411
2.415
2.432
2.435
2.44
2.428
2.407
2.422
2.431
2.437
2.442
2.433
2.404
2.428
2.436
2.432
2.432
2.424
2.407
2.433
2.44
2.438
2.437
2.406
2.418
2.432
2.434
2.443
2.431
2.402
2.423
2.428
2.43
2.431
2.438
2.405
2.423
2.434
2.432
2.441
2.417
2.415
2.427
2.44
2.438
2.437
2.408
2.425
2.427
2.439
2.43
2.441
2.396
2.428
2.438
2.437
2.43
2.442
2.403
2.434
2.429
2.439
2.433
2.435
2.408
2.429
2.439
2.431
2.446
2.416
2.417
2.424
2.433
2.434
2.438
2.42
2.419
2.425
2.438
2.439
2.437
2.41
2.425
2.426
2.442
2.431
2.437
2.412
2.423
2.431
2.44
2.439
2.444
2.398
2.428
2.43
2.441
2.429
2.445
2.401
2.428
2.43
2.441
2.432
2.442
2.41
2.429
2.435
2.435
2.441
2.433
2.412
2.429
2.438
2.438
2.439
2.432
2.41
2.429
2.431
2.608
2.438
2.426
2.41
2.429
2.432
2.443
2.444
2.431
2.409
2.428
2.438
2.434
2.438
2.436
2.411
2.428
2.437
2.439
2.442
2.425
2.617
2.431
2.436
2.437
2.438
2.43
2.414
2.428
2.437
2.441
2.433
2.436
2.416
2.429
2.431
2.443
2.44
2.433
2.412
2.432
2.437
2.433
2.431
2.442
2.41
2.428
2.425
2.452
2.428
2.444
2.405
2.43
2.428
2.447
2.435
2.442
2.41
2.427
2.432
2.443
2.441
2.437
2.409
2.437
2.433
2.44
2.439
2.452
2.4
2.43
2.431
2.437
2.442
2.437
2.421
2.425
2.428
2.44
2.439
2.443
2.421
2.425
2.428
2.436
2.446
2.446
2.424
2.418
2.434
2.435
2.444
2.442
2.429
2.416
2.43
2.446
2.445
2.441
2.435
2.417
2.429
2.434
2.45
2.438
2.444
2.407
2.434
2.429
2.45
2.439
2.452
2.407
2.43
2.438
2.44
2.442
2.443
2.416
2.43
2.437
2.436
2.438
2.442
2.42
2.429
2.431
2.439
2.438
2.448
2.429
2.417
2.432
2.435
2.442
2.441
2.444
2.414
2.432
2.431
2.446
2.437
2.449
2.41
2.429
2.438
2.437
2.433
2.443
2.418
2.43
2.435
2.438
2.444
2.439
2.44
2.419
2.428
2.436
2.441
2.444
2.501
2.439
2.441
2.824
2.439
2.442
2.444
2.449
2.424
2.435
2.463
2.443
2.468
2.464
2.48
2.434
2.44
2.442
2.451
2.422
2.423
2.438
2.433
2.443
2.442
2.411
2.431
2.435
2.437
2.449
2.443
2.403
2.437
2.436
2.434
2.452
