4.352
4.071
4.112
4.084
4.145
4.093
4.094
4.081
4.08
4.087
4.076
4.312
4.108
4.345
4.093
4.071
4.071
4.102
4.081
4.081
4.135
4.1
4.1
4.068
4.088
4.074
4.124
4.073
4.083
4.128
4.088
4.073
4.069
4.068
4.069
4.074
4.074
4.095
4.08
4.098
4.083
4.084
4.153
4.084
4.102
4.085
4.089
5.566
4.093
4.114
4.249
4.088
4.084
4.089
4.084
4.117
4.111
4.087
4.092
4.093
4.099
4.094
4.102
4.135
4.091
4.091
4.115
4.875
4.1
4.08
4.083
4.099
4.08
4.096
4.099
4.11
4.972
4.115
4.188
5.292
4.24
4.076
4.098
4.094
4.093
4.113
4.104
4.105
4.147
4.1
4.106
4.196
4.129
4.111
4.111
4.658
4.09
4.09
4.102
4.11
