4.437
8.248
7.792
8.889
7.76
6.493
5.554
4.223
4.094
5.324
4.747
2.968
3.351
2.168
4.84
3.747
2.628
2.736
3.1
2.931
3.147
3.543
4.32
4.96
3.261
3.871
4.183
6.082
6.33
4.519
5.595
3.291
4.944
4.778
5.113
2.941
2.988
3.365
2.233
3.411
3.528
3.383
3.431
3.365
3.41
3.278
2.643
6.125
4.59
5.006
6.339
5.731
6.246
7.481
8.313
5.358
5.125
3.472
5.093
5.627
5.196
3.732
3.353
3.426
2.351
1.263
1.16
1.181
3.414
6.675
2.582
2.539
2.859
2.705
2.597
2.502
2.573
2.621
3.025
2.806
2.454
2.489
2.558
2.659
2.641
2.748
2.729
3.373
2.781
2.557
2.523
2.568
2.562
1.364
1.379
1.283
3.166
3.333
1.715
1.473
