2.375
2.155
2.154
2.154
2.155
2.153
2.154
2.153
2.155
2.153
2.153
2.154
2.153
2.152
2.152
2.153
2.154
2.153
2.154
2.152
2.152
2.154
2.153
2.154
2.152
2.152
2.153
2.152
2.153
2.151
2.151
2.151
2.151
2.153
2.151
2.152
2.153
2.152
2.153
2.152
2.151
2.153
2.152
2.154
2.152
2.153
2.152
2.152
2.154
2.152
2.153
2.152
2.152
2.152
2.152
2.152
2.152
2.152
2.153
2.152
2.153
2.151
2.151
2.153
2.152
2.153
2.152
2.151
2.153
2.152
2.154
2.152
2.152
2.153
2.152
2.153
2.152
2.153
2.152
2.152
2.152
2.152
2.153
2.152
2.152
2.153
2.152
2.153
2.152
2.152
2.153
2.152
2.153
2.153
2.152
2.154
2.153
2.153
2.152
2.152
2.153
2.152
2.154
2.155
2.152
2.152
2.152
2.154
2.153
2.152
2.152
2.152
2.154
2.153
2.154
2.152
2.153
2.154
2.153
2.154
2.152
2.153
2.154
2.152
2.154
2.152
2.152
2.154
2.152
2.154
2.152
2.151
2.154
2.152
2.153
2.151
2.151
2.153
2.152
2.152
2.152
2.151
2.153
2.152
2.153
2.152
2.153
2.151
2.152
2.153
2.152
2.153
2.152
2.152
2.153
2.153
2.153
2.152
2.152
2.153
2.153
2.153
2.151
2.152
2.153
2.152
2.153
2.152
2.152
2.154
2.152
2.153
2.151
2.16
2.154
2.154
2.152
2.152
2.153
2.152
2.152
2.153
2.152
2.153
2.152
2.152
2.154
2.152
2.153
2.151
2.152
2.153
2.152
2.153
2.152
2.151
2.153
2.152
2.151
2.152
