2.898
2.598
2.887
2.947
2.424
2.44
2.451
2.556
2.467
2.437
2.438
2.448
3.298
2.512
2.452
3.348
3.007
2.457
2.51
3.353
2.423
2.427
2.438
2.548
3.346
2.443
2.433
2.444
2.424
2.45
2.439
3.247
2.435
2.438
2.447
2.57
3.213
2.602
3.608
2.948
2.464
2.44
2.465
2.469
2.511
2.471
3.485
2.53
2.421
3.363
2.619
2.475
2.592
2.951
2.453
2.434
2.457
2.433
2.445
2.441
2.491
2.634
3.16
2.433
2.441
2.448
2.544
2.472
2.454
2.462
2.441
2.473
2.467
2.435
2.412
2.444
2.449
2.441
2.418
2.453
2.419
2.433
2.418
2.441
2.442
2.436
2.426
2.474
2.476
2.441
2.433
2.422
2.413
2.441
2.426
2.432
2.419
2.44
2.449
2.415
2.427
2.416
4.723
3.214
2.756
3.054
2.854
2.716
2.56
2.496
5.385
5.458
2.603
2.443
2.423
2.902
4.982
2.899
2.776
2.547
2.452
2.414
4.775
5.701
2.686
2.469
2.431
2.453
2.583
6.872
3.628
2.538
2.436
2.435
2.592
5.413
3.757
2.632
2.441
2.434
2.437
2.449
2.595
6.557
2.889
2.609
2.427
2.444
2.802
6.117
4.007
2.596
2.442
2.434
2.896
5.284
5.967
2.673
2.492
2.458
2.47
5.283
5.536
2.71
2.458
2.448
2.455
3.756
6.876
2.769
2.504
2.452
2.907
4.004
7.459
2.876
2.615
2.437
2.444
3.935
4.758
2.812
2.753
2.427
2.434
2.527
4.322
4.77
3.445
2.622
2.584
2.434
2.67
6.776
3.687
2.623
2.421
2.429
2.611
3.903
3.646
2.948
2.771
2.432
2.419
2.421
2.599
4.75
4.42
2.702
2.41
2.429
2.426
3.947
3.97
4.125
2.485
2.411
2.416
3.33
6.725
3.243
2.595
2.417
2.432
2.439
6.221
5.105
2.665
2.429
2.441
4.68
5.82
2.719
2.444
2.441
2.437
3.822
6.837
3.106
2.648
2.469
2.432
4.617
5.634
2.743
2.479
2.424
2.428
3.477
2.92
2.954
2.695
2.458
2.452
2.477
6.861
3.326
2.613
2.42
2.415
2.988
3.679
2.897
2.797
2.667
2.405
2.396
2.823
6.85
3.403
2.554
2.395
2.472
4.907
5.467
2.809
2.501
2.419
2.427
3.164
2.862
2.853
2.774
2.611
2.392
2.476
3.789
3.094
3.035
2.892
2.466
2.392
2.405
2.69
2.889
2.89
2.847
2.705
2.429
2.402
2.975
2.95
2.917
2.948
2.632
2.433
2.412
3.774
6.819
2.765
2.493
2.545
2.496
3.241
2.893
2.899
2.835
2.548
2.395
2.66
4.911
5.72
2.792
2.533
2.394
2.394
5.472
4.756
2.762
2.416
2.485
2.495
2.721
2.943
2.933
2.739
2.527
2.424
2.587
2.622
2.808
3.042
2.831
2.738
2.531
2.497
2.585
2.981
2.955
2.921
2.727
2.427
2.394
2.436
2.861
2.873
2.937
2.715
2.512
2.429
2.543
2.775
2.894
2.929
2.909
2.823
2.457
2.434
2.699
3.07
3.003
2.987
2.702
2.472
2.474
2.816
6.61
3.839
2.779
2.5
2.449
2.643
5.919
4.228
2.725
2.43
2.478
2.451
4.115
6.365
2.811
2.458
2.451
2.448
3.29
2.984
2.994
2.805
2.58
2.589
2.451
2.615
4.806
2.958
3.194
2.759
2.442
2.447
2.774
6.793
3.736
2.605
2.44
2.421
4.778
5.726
3.02
2.44
2.451
2.464
4.912
5.927
2.797
2.536
2.569
2.468
2.791
4.67
3.012
2.91
2.797
2.738
2.622
4.766
6.949
3.133
2.427
2.446
2.482
2.999
5.091
2.835
2.635
2.435
2.422
2.445
2.697
5.853
3.983
2.552
2.463
2.435
3.719
3.09
2.989
2.861
2.777
2.605
2.52
2.464
6.68
5.22
3.353
2.882
2.908
2.683
6.9
3.726
2.614
2.459
2.539
2.783
5.794
4.115
2.702
2.449
2.432
2.466
3.239
6.917
2.978
2.546
2.444
2.47
2.444
2.808
3.474
5.079
2.852
2.51
2.425
2.469
2.479
2.467
2.452
2.474
2.548
2.533
2.467
2.42
2.453
2.455
2.454
2.454
2.451
2.448
2.451
2.467
2.447
2.43
2.44
2.468
2.555
2.482
2.439
2.434
2.466
2.468
2.456
2.429
2.418
2.464
2.445
2.463
2.447
2.417
2.466
2.478
2.455
2.457
2.427
2.471
2.465
2.463
2.461
2.418
2.445
2.452
2.583
2.461
2.429
2.52
2.786
3.494
2.447
2.421
2.466
2.454
2.463
2.472
2.43
2.432
2.46
2.476
2.451
2.474
2.439
2.467
2.455
2.482
2.456
2.43
2.449
2.485
2.52
2.469
2.442
2.426
2.469
2.494
2.533
2.87
2.44
2.463
2.477
2.564
2.502
2.541
2.427
2.473
2.47
2.493
2.515
2.541
2.444
2.463
2.461
2.47
2.485
2.452
2.473
2.464
2.466
2.461
2.441
2.444
2.472
2.478
2.446
2.508
2.479
2.467
2.488
2.454
2.469
2.465
2.421
3.015
2.767
2.483
2.557
3.238
2.742
3.078
2.85
3.552
3.766
3.139
2.458
2.47
2.472
2.487
2.477
2.478
2.479
2.47
2.562
2.458
2.458
2.842
2.99
2.976
2.839
2.498
2.501
2.49
2.461
2.552
2.459
2.445
2.951
3.37
2.59
2.466
2.492
2.556
2.467
2.532
2.471
2.84
3.604
3.804
2.974
2.494
2.474
2.483
2.46
2.493
2.485
2.513
2.562
3.506
2.452
2.457
2.488
2.452
2.547
2.471
2.433
2.469
2.994
3.832
3.195
4.021
2.802
2.484
2.47
2.454
2.489
2.467
2.494
2.486
2.466
2.482
2.459
2.506
2.517
2.727
3.573
2.463
2.48
2.62
2.468
3.001
3.681
2.779
2.993
2.802
2.762
2.477
2.453
2.467
2.585
3.84
3.331
2.489
2.449
2.537
2.586
2.548
2.478
2.477
3.165
2.888
3.071
3.095
2.482
2.474
2.476
3.313
2.511
2.598
3.273
3.708
3.324
2.454
2.434
2.454
2.47
2.465
2.486
2.439
2.462
2.479
2.466
2.464
2.473
2.424
2.454
2.447
2.492
3.007
2.476
2.485
2.501
3.306
2.571
2.46
2.762
3.07
2.502
2.456
2.47
2.458
2.487
2.432
2.46
2.452
2.475
2.447
2.44
2.45
2.458
2.636
2.429
2.435
2.437
2.478
2.746
2.833
3.715
2.791
2.933
2.676
2.609
2.453
2.458
2.483
2.523
2.479
2.442
2.487
2.465
2.433
3.032
2.468
2.83
2.824
2.472
2.846
2.668
2.442
2.466
2.431
2.423
2.491
2.454
2.439
3.163
3.428
2.463
2.576
2.458
2.441
2.413
2.456
2.446
2.439
2.409
2.47
2.456
2.45
2.422
2.461
2.447
2.463
2.407
2.419
2.479
2.565
2.419
2.528
2.736
2.631
2.467
2.432
2.563
2.477
2.593
2.578
2.419
2.582
2.588
2.447
2.416
2.594
2.458
2.545
2.541
2.43
2.865
2.56
2.439
2.712
3.33
2.439
2.441
2.431
2.431
2.449
2.463
2.439
2.425
2.465
2.448
2.451
2.956
2.912
2.456
2.414
2.419
2.455
2.538
2.504
2.532
2.443
2.439
2.443
2.932
2.474
2.423
2.445
2.455
2.446
2.862
2.438
2.455
2.432
2.448
2.439
2.429
2.423
2.458
2.446
2.404
2.426
2.459
2.427
2.408
2.446
2.432
2.432
2.396
2.428
2.411
2.422
2.405
2.431
2.404
2.424
2.412
2.429
2.419
2.441
2.4
2.446
2.415
2.438
2.403
2.428
2.401
2.469
2.395
2.431
2.404
2.421
2.409
2.443
2.404
2.423
2.413
2.443
2.405
2.431
2.431
2.432
2.428
2.414
2.4
2.435
2.44
2.419
2.446
2.445
2.412
2.421
2.419
2.457
2.412
2.428
2.406
2.452
2.425
2.434
2.408
2.432
2.407
2.439
2.416
2.445
2.435
2.423
2.409
2.436
2.419
2.436
2.416
2.435
2.452
2.437
2.405
2.447
2.457
3.403
2.451
2.441
2.416
2.433
2.429
2.435
2.425
2.446
2.423
2.399
2.427
2.489
2.433
2.47
2.45
2.457
2.507
3.394
5.612
4.646
2.738
2.609
2.42
2.421
3.885
3.039
2.891
3.026
2.422
2.496
2.806
2.848
3.069
2.923
2.753
