2.286
1.592
1.467
1.088
1.469
1.603
1.446
1.071
1.069
1.08
1.083
1.072
1.076
1.087
1.081
1.08
1.096
1.084
1.082
1.108
1.085
1.08
1.08
1.079
1.08
1.079
1.071
1.075
1.075
1.078
1.078
1.071
1.071
1.076
1.08
1.078
1.079
1.095
1.074
1.083
1.082
1.077
1.077
1.074
1.069
1.075
1.079
1.079
1.085
1.098
1.073
1.082
1.075
1.077
1.091
1.079
1.081
1.071
1.07
1.072
1.081
1.084
1.081
1.085
1.087
1.099
1.095
1.073
1.072
1.076
1.082
1.078
1.077
1.077
1.073
1.079
1.071
1.07
1.074
1.075
1.075
1.074
1.081
1.077
1.07
1.072
1.076
1.083
1.073
1.069
1.073
1.074
1.072
1.071
1.074
1.075
1.076
1.077
1.076
1.073
1.075
1.076
1.093
1.076
1.072
1.072
1.075
1.076
1.077
1.077
1.077
1.077
1.072
1.07
1.071
1.076
1.077
1.078
1.077
1.068
1.07
1.074
1.079
1.071
1.073
1.097
1.074
1.077
1.07
1.07
1.069
1.07
1.071
1.075
1.072
1.071
1.076
1.069
1.069
1.071
1.075
1.076
1.076
1.075
1.075
1.075
1.076
1.081
1.07
1.071
1.074
1.081
1.082
1.073
1.072
1.071
1.071
1.071
1.073
1.075
1.073
1.073
1.073
1.073
1.083
1.084
1.075
1.069
1.074
1.074
1.074
1.076
1.075
1.08
1.071
1.071
1.07
1.074
1.085
1.07
1.071
1.071
1.072
1.071
1.072
1.073
1.075
1.073
1.074
1.072
1.07
1.069
1.075
1.072
1.077
1.074
1.074
1.074
1.071
1.074
1.074
1.078
1.078
1.073
1.075
1.071
1.08
1.089
1.072
1.069
1.069
1.07
1.071
1.074
1.073
1.072
1.074
1.076
1.071
1.072
1.075
1.072
1.069
1.071
1.076
1.079
1.073
1.072
1.075
1.117
1.072
1.07
1.072
1.071
1.073
1.071
1.072
1.088
1.075
1.074
1.071
1.071
1.073
1.077
1.075
1.078
1.071
1.072
1.069
1.069
1.069
1.071
1.076
1.073
1.073
1.076
1.07
1.074
1.073
1.073
1.074
1.074
1.075
1.077
1.073
1.073
1.078
1.075
1.072
1.071
1.07
1.075
1.073
1.076
1.076
1.083
1.083
1.07
1.071
1.072
1.07
1.069
1.07
1.071
1.08
1.073
1.077
1.073
1.079
1.073
1.075
1.081
1.073
1.075
1.075
1.074
1.073
1.075
1.074
1.073
1.072
1.071
1.069
1.074
1.07
1.071
1.073
1.073
1.071
1.073
1.075
1.073
1.072
1.078
1.073
1.072
1.072
1.071
1.071
1.071
1.08
1.076
1.071
1.072
1.072
1.075
1.077
1.079
1.08
1.074
1.074
1.075
1.07
1.073
1.07
1.071
1.074
1.071
1.071
1.07
1.077
1.074
1.07
1.071
1.073
1.075
1.083
1.078
1.075
1.074
1.074
1.074
1.073
1.078
1.072
1.071
1.075
1.076
1.072
1.072
1.075
1.075
1.08
1.08
1.071
1.071
1.073
1.07
1.071
1.072
1.075
1.073
1.073
1.072
1.071
1.076
1.071
1.072
1.073
1.072
1.072
1.073
1.082
1.074
1.072
1.071
1.071
1.072
1.069
1.071
1.075
1.072
1.073
1.071
1.069
1.072
1.074
1.073
1.075
1.074
1.072
1.075
1.071
1.07
1.07
1.071
1.068
1.07
1.07
1.073
1.073
1.074
1.072
1.07
1.07
1.072
1.071
1.077
1.071
1.074
1.074
1.079
1.073
1.072
1.07
1.073
1.074
1.072
1.074
1.072
1.073
1.071
1.071
1.072
1.073
1.071
1.073
1.071
1.072
1.073
1.07
1.07
1.078
1.079
1.071
1.071
1.072
1.076
1.071
1.071
1.072
1.069
1.071
1.069
1.071
1.073
1.069
1.069
1.072
1.075
1.073
1.072
1.072
1.072
1.073
1.075
1.069
1.072
1.068
1.072
1.075
1.074
1.072
1.08
1.083
1.074
1.072
1.071
1.077
1.071
1.071
1.072
1.071
1.069
1.071
1.095
1.072
1.072
1.069
1.073
1.07
1.072
1.069
1.069
1.073
1.073
1.067
1.071
1.08
1.07
1.073
1.07
1.072
1.073
1.074
1.071
1.074
1.079
1.074
1.07
1.068
1.067
1.081
1.071
1.071
1.069
1.072
1.071
1.077
1.069
1.071
1.073
1.07
1.071
1.072
1.072
1.083
1.133
1.074
1.088
1.069
1.075
1.07
1.073
1.079
1.074
1.075
1.076
1.074
1.074
1.072
1.073
1.073
1.072
1.073
1.075
1.07
1.074
1.074
1.079
1.074
1.074
1.07
1.073
1.073
1.069
1.071
1.073
1.073
1.072
1.07
1.072
1.073
1.075
1.071
1.249
1.637
1.407
1.073
1.072
1.071
1.072
1.075
1.097
1.094
1.073
1.072
1.071
1.07
1.07
1.074
1.088
1.071
1.07
1.073
1.077
1.073
1.07
1.073
1.116
1.071
1.073
1.073
1.073
1.072
1.071
1.073
1.073
1.071
1.071
1.076
1.078
1.075
1.072
1.075
1.073
1.08
1.075
1.074
1.077
1.083
1.087
1.073
1.082
1.074
1.077
1.073
1.07
1.07
1.07
1.071
1.073
1.073
1.072
1.074
1.069
1.074
1.073
1.073
1.073
1.073
1.074
1.074
1.075
1.073
1.073
1.072
1.072
1.073
1.071
1.076
1.073
1.069
1.073
1.071
1.072
1.074
1.072
1.071
1.073
1.074
1.091
1.094
1.071
1.07
1.072
1.073
1.096
1.094
1.094
1.072
1.074
1.072
1.074
1.072
1.073
1.071
1.071
1.07
1.071
1.076
1.072
1.075
1.069
1.071
1.114
1.071
1.075
1.072
1.077
1.554
2.157
1.276
2.774
2.966
1.608
2.122
1.266
1.176
1.099
1.072
1.069
1.07
1.073
1.072
1.773
2.987
3.039
2.255
1.217
1.13
1.105
1.073
1.075
1.074
1.072
1.072
1.072
1.495
2.963
3.031
2.205
1.239
1.195
1.275
1.072
1.07
1.071
1.073
1.07
1.071
1.316
1.213
3.069
3.046
1.674
1.231
1.156
1.104
1.081
1.073
1.075
1.073
1.07
1.071
1.073
1.316
2.928
3.032
2.503
1.231
1.182
1.123
1.099
1.074
1.073
1.073
1.073
1.073
1.07
1.829
2.969
3.041
2.271
1.169
1.13
1.103
1.069
1.073
1.073
1.074
1.071
1.073
1.07
1.072
1.072
2.08
2.987
3.044
1.878
1.268
1.172
1.157
1.07
1.072
1.076
1.07
1.077
1.082
2.006
1.519
1.297
3.03
2.121
1.248
1.216
1.136
1.071
1.072
1.073
1.071
1.07
1.073
1.072
1.075
1.074
2.43
3.062
3.034
1.927
1.16
1.138
1.076
1.072
1.07
1.072
1.071
1.07
1.071
1.756
2.916
3.042
2.255
1.245
1.198
1.147
1.107
1.072
1.071
1.071
1.072
1.075
1.074
1.073
2.372
3.036
3.038
1.599
1.209
1.204
1.114
1.071
1.073
1.075
1.073
1.069
1.073
1.07
1.088
1.859
1.416
1.318
1.32
1.317
1.304
1.237
1.236
1.22
1.163
1.07
1.07
1.071
1.074
1.072
1.07
1.418
2.905
3.023
2.62
1.236
1.221
1.13
1.078
1.07
1.072
1.073
1.071
1.072
1.075
1.07
1.631
2.952
3.025
2.298
1.291
1.296
1.319
1.072
1.072
1.072
1.075
1.074
1.072
1.073
2.154
3.009
3.042
1.837
1.226
1.329
1.155
1.071
1.069
1.071
1.072
1.07
1.072
1.072
1.345
2.918
3.035
2.37
1.252
1.267
1.179
1.071
1.072
1.07
1.072
1.074
1.07
1.073
1.075
2.727
3.033
3.009
1.36
1.326
1.223
1.101
1.099
1.073
1.08
1.088
1.081
1.069
1.723
1.608
3.029
2.978
1.307
1.242
1.184
1.118
1.074
1.076
1.078
1.077
1.077
1.076
1.481
1.625
1.583
1.346
1.326
1.313
1.263
1.304
1.27
1.2
1.073
1.073
1.078
1.076
1.079
1.1
1.076
1.075
2.737
3.052
1.558
1.278
1.25
1.268
1.193
1.108
1.074
1.077
1.073
1.071
1.075
1.213
2.919
3.076
1.335
1.274
1.393
1.485
1.124
1.074
1.074
1.073
1.077
1.092
1.084
1.073
1.788
2.997
3.073
2.031
1.256
1.25
1.209
1.075
1.083
1.072
1.074
1.069
1.07
1.156
