8.742
8.766
8.717
8.829
8.746
8.592
8.491
8.271
8.714
8.802
8.752
8.644
8.609
8.777
8.735
8.611
8.711
8.511
8.66
8.274
8.176
8.518
8.72
8.576
8.527
8.457
7.939
8.52
8.402
8.053
8.852
8.523
8.72
8.8
8.58
8.406
8.688
8.822
8.734
8.593
8.683
8.456
8.474
8.681
8.489
8.449
8.381
8.75
8.608
8.544
8.703
8.671
8.974
8.718
8.697
8.744
8.617
8.727
8.515
8.464
8.931
8.639
8.802
8.481
8.814
8.731
8.858
8.979
8.671
8.698
8.84
8.735
8.535
8.533
8.335
8.761
8.528
8.944
8.685
8.769
8.773
8.494
8.544
8.593
8.268
8.493
8.493
8.275
8.368
8.148
8.651
8.553
8.408
8.774
8.507
8.629
8.502
8.486
8.653
8.834
8.728
8.572
8.489
8.709
8.543
8.714
8.251
8.867
8.453
8.593
8.66
8.308
8.302
8.895
8.492
8.671
8.598
8.664
8.792
8.067
8.775
8.4
8.837
8.462
8.641
8.477
8.441
8.527
8.841
8.3
8.664
8.556
8.492
8.872
8.519
8.553
8.001
8.612
8.275
8.926
8.484
8.51
8.542
8.464
8.606
8.481
8.44
8.655
8.317
8.38
8.232
8.525
8.561
8.522
8.5
8.287
8.23
8.833
8.76
8.478
8.398
8.391
8.409
8.966
8.902
8.523
8.733
8.664
8.796
8.449
8.679
8.647
8.51
8.647
8.655
8.532
8.649
8.861
8.689
8.713
8.619
8.777
8.775
8.431
8.34
8.732
8.338
8.684
8.779
8.864
8.517
8.859
8.885
9.034
8.641
8.64
8.521
8.877
8.522
8.288
8.229
8.691
8.704
8.67
8.308
8.27
8.385
8.357
8.264
8.53
8.485
8.282
8.531
8.799
8.68
8.473
8.608
8.468
8.652
8.457
8.453
8.769
8.725
8.605
8.722
8.497
8.796
8.484
8.885
8.484
8.5
8.447
8.389
8.499
8.537
8.461
8.675
8.394
8.778
8.522
8.815
8.811
8.775
8.193
8.737
8.383
8.648
8.409
8.289
8.461
8.796
8.761
8.703
8.426
8.533
8.258
8.562
8.787
8.736
8.148
8.398
8.513
8.354
8.457
8.068
8.51
8.308
8.382
8.518
8.642
8.301
8.486
8.564
8.758
8.63
8.569
8.344
8.401
8.634
8.439
8.542
8.664
8.643
8.574
8.391
8.744
8.266
8.813
8.454
8.489
8.461
8.541
8.705
8.549
8.76
8.322
8.821
8.621
8.676
8.574
8.652
8.841
8.7
8.528
8.456
8.514
8.838
8.653
8.373
8.704
8.697
8.56
8.362
8.492
8.774
8.624
8.09
8.213
8.486
8.977
8.333
8.565
8.658
8.566
8.527
8.413
8.557
8.509
8.463
8.62
8.543
8.712
8.238
8.508
8.561
8.198
8.185
8.485
8.406
8.785
8.503
8.5
8.525
7.941
8.393
8.243
8.739
8.439
8.307
8.49
8.655
8.774
8.709
8.661
8.586
8.752
8.846
8.77
8.608
8.456
8.545
8.415
8.265
8.576
8.487
8.349
8.371
8.501
8.706
8.731
8.477
8.637
8.349
8.526
8.652
8.443
8.489
8.727
8.755
8.834
8.509
8.48
8.344
8.576
8.546
8.607
8.639
8.493
8.591
8.711
8.368
8.707
8
8.986
8.517
8.704
8.883
8.591
8.58
8.528
8.611
8.744
8.3
8.192
8.135
8.719
8.292
8.408
8.287
8.394
8.609
8.735
8.631
8.39
8.691
8.65
