0.994
0.928
0.928
0.929
0.927
0.928
0.927
0.928
0.929
0.927
0.927
0.928
0.927
0.928
0.929
0.927
0.927
0.927
0.928
0.928
0.929
0.928
0.928
0.927
0.928
0.928
0.929
0.928
0.927
0.927
0.927
0.929
0.927
0.927
0.928
0.928
0.927
0.929
0.928
0.928
0.928
0.928
0.928
0.928
0.928
0.928
0.927
0.927
0.929
0.927
0.928
0.927
0.927
0.927
0.929
0.928
0.927
0.927
0.927
0.928
0.929
0.927
0.927
0.928
0.928
0.929
0.928
0.927
0.927
0.926
0.927
0.928
0.927
0.927
0.927
0.927
0.928
0.929
0.928
0.928
0.927
0.928
0.926
0.929
0.927
0.928
0.927
0.928
0.929
0.928
0.928
0.928
0.927
0.928
0.929
0.926
0.928
0.927
0.927
0.927
0.929
0.927
0.927
0.927
0.927
0.929
0.927
0.927
0.927
0.927
0.928
0.928
0.927
0.927
0.928
0.927
0.927
0.928
0.927
0.927
0.927
0.928
0.928
0.929
0.927
0.928
0.927
0.927
0.929
0.927
0.928
0.927
0.928
0.927
0.929
0.927
0.928
0.928
0.927
0.928
0.929
0.928
0.928
0.928
0.928
0.932
0.927
0.928
0.928
0.928
0.928
0.93
0.928
0.928
0.928
0.928
0.928
0.929
0.928
0.929
0.928
0.928
0.929
0.928
0.928
0.927
0.928
0.927
0.929
0.928
0.927
0.927
0.927
0.927
0.929
0.931
0.927
0.927
0.927
0.927
0.928
0.927
0.927
0.927
0.927
0.928
0.927
0.927
0.927
0.93
0.927
0.929
0.927
0.927
0.928
0.927
0.927
0.928
0.926
0.927
0.927
0.928
0.929
0.927
0.928
0.928
0.928
0.927
0.928
0.927
0.927
0.927
0.927
0.927
0.929
0.927
0.927
0.928
0.928
0.929
0.927
0.927
0.928
0.927
0.927
0.928
0.928
0.928
0.928
0.928
0.927
0.929
0.928
0.928
0.927
0.927
0.927
0.928
0.928
0.928
0.928
0.928
0.929
0.928
0.928
0.929
0.928
0.928
0.929
0.928
0.927
0.928
0.928
0.927
0.927
0.927
0.928
0.928
0.93
0.927
0.927
0.928
0.928
0.926
0.927
0.929
0.927
0.927
0.927
0.927
0.928
0.929
0.928
0.927
0.928
0.93
1.105
0.927
0.927
0.928
0.928
0.928
0.929
0.927
0.927
0.927
0.927
0.927
0.928
0.932
0.927
0.927
0.927
0.932
0.927
0.927
0.927
0.927
0.927
0.928
0.927
0.927
0.927
0.927
0.927
0.928
0.928
0.927
0.927
0.927
0.928
0.927
0.927
0.928
0.927
0.927
0.928
0.927
0.927
0.927
0.927
0.928
0.929
0.927
0.927
0.927
0.928
0.927
0.928
0.927
0.927
0.927
0.927
0.928
0.927
0.927
0.927
0.927
0.927
0.928
0.927
0.928
0.927
0.927
0.927
0.928
0.927
0.927
0.928
0.928
0.929
0.93
0.927
0.928
0.928
0.927
0.929
0.928
0.927
0.928
0.927
0.927
0.929
0.928
0.927
0.927
0.93
0.927
0.927
0.927
0.927
0.928
0.927
0.929
0.929
0.927
0.928
0.928
0.927
0.928
0.927
0.928
0.927
0.928
0.928
0.928
0.927
0.927
0.928
0.927
0.928
0.927
0.928
0.927
0.927
0.927
0.928
0.927
0.927
0.927
0.928
0.927
0.928
0.928
0.927
0.927
0.927
0.928
0.927
0.927
0.929
0.927
0.927
0.929
0.93
0.927
0.927
0.928
0.927
0.928
0.93
0.927
0.927
0.927
0.928
0.929
0.927
0.927
0.927
0.927
0.928
0.927
0.928
0.927
0.927
0.927
0.929
0.928
0.928
0.928
0.927
0.927
0.929
0.927
0.927
0.927
0.927
0.929
0.927
0.93
0.927
0.927
0.927
0.928
0.931
0.932
0.927
0.927
0.928
0.928
0.927
0.927
0.928
0.927
0.928
0.927
0.927
0.927
0.928
0.928
0.928
0.927
0.927
0.927
0.927
0.927
0.928
0.927
0.927
0.927
0.928
0.928
0.927
0.927
0.927
0.927
0.929
0.929
0.927
0.927
0.927
0.928
0.927
0.928
0.927
0.927
0.928
0.927
0.928
0.927
0.927
0.927
0.927
0.927
0.928
0.927
0.927
0.927
0.928
0.927
0.929
0.927
0.928
0.928
0.928
0.928
0.928
0.928
0.927
0.928
0.927
0.929
0.927
0.928
0.928
0.927
0.927
0.929
0.927
0.927
0.927
0.93
0.927
0.929
0.927
0.928
0.927
0.927
0.928
0.928
0.927
0.927
0.927
0.927
0.927
0.928
0.928
0.928
0.927
0.927
0.929
0.927
0.927
0.927
0.927
0.927
0.928
0.927
0.927
0.927
0.929
0.928
0.927
0.927
0.928
0.927
0.927
0.929
0.928
0.927
0.927
0.927
0.928
0.932
0.928
0.927
0.927
0.928
0.929
0.929
0.928
0.928
0.928
0.928
0.932
0.927
0.927
0.93
0.927
0.927
0.93
0.928
0.928
0.928
0.927
0.929
0.929
0.929
0.928
0.928
0.929
0.93
0.928
0.927
0.927
0.927
0.927
0.928
0.928
0.928
0.927
0.929
0.928
0.928
0.927
0.927
0.927
0.928
0.927
0.928
0.928
0.928
0.928
0.928
0.929
0.928
0.929
0.927
0.928
0.928
0.928
0.927
0.928
0.928
0.929
0.93
0.927
0.927
0.927
0.927
0.927
0.928
0.928
0.927
0.928
0.928
0.927
0.929
0.927
0.927
0.928
0.929
0.929
0.927
0.927
0.927
0.93
0.927
0.928
0.928
0.928
0.927
0.927
0.929
0.928
0.928
0.928
0.927
0.928
0.927
0.929
0.928
0.927
0.928
0.931
0.933
0.932
0.934
0.931
0.928
0.933
0.93
0.928
0.927
0.928
0.928
0.928
0.928
0.928
0.961
0.959
0.948
0.947
0.939
0.927
0.927
0.927
0.927
0.928
0.928
0.927
0.928
0.927
0.927
0.929
0.929
0.928
0.927
0.927
0.928
0.929
0.928
0.927
0.927
0.927
0.928
0.927
0.928
0.928
0.928
0.927
0.928
0.927
0.927
0.927
0.928
0.927
0.927
0.928
0.928
0.929
0.928
0.928
0.929
0.927
0.928
0.927
0.927
0.927
0.929
0.927
0.927
0.928
0.927
0.929
0.927
0.927
0.928
0.927
0.927
0.928
0.927
0.927
0.927
0.927
0.929
0.929
0.927
0.927
0.928
0.927
0.929
0.927
0.927
0.927
0.928
0.932
0.929
0.928
1.083
0.929
0.929
0.937
0.928
0.929
0.929
0.928
0.929
0.93
0.928
0.928
0.928
0.928
0.928
0.928
0.928
0.928
0.928
0.929
0.93
0.931
0.931
0.929
0.93
0.93
0.932
0.93
1.153
1.301
0.927
0.929
0.928
0.927
0.928
0.928
0.928
0.929
0.928
0.929
0.928
0.928
0.929
0.928
0.93
0.928
0.928
0.928
0.929
0.927
0.928
0.928
0.929
0.928
0.93
0.927
0.928
0.928
0.928
0.928
0.929
0.927
0.928
0.928
0.928
0.928
0.927
0.927
0.927
0.929
0.927
0.928
0.927
0.928
0.927
0.927
0.927
0.929
0.927
0.927
0.927
0.927
0.927
0.927
0.927
0.927
0.927
0.927
0.928
0.928
0.927
0.927
0.928
0.927
0.928
0.927
0.927
0.928
0.928
0.929
0.927
0.927
0.928
0.927
0.93
0.929
0.928
0.928
0.927
0.927
0.927
0.928
0.927
0.927
0.927
0.927
0.929
0.928
1.204
0.984
0.93
0.93
0.932
0.93
0.931
0.929
0.929
0.933
0.93
0.929
0.929
0.93
0.929
0.931
0.929
0.93
0.928
0.931
0.929
0.933
0.93
0.93
0.93
0.93
0.931
0.931
0.931
0.93
0.93
0.929
0.93
0.93
0.929
0.93
0.93
0.93
0.929
0.93
0.929
0.93
0.929
0.929
0.932
0.93
0.93
0.929
0.93
0.93
0.93
0.929
0.929
0.93
0.93
0.931
0.929
0.931
0.929
0.929
0.93
0.93
0.931
0.928
0.93
0.929
0.931
0.929
0.93
0.931
0.931
0.931
0.931
0.929
0.93
0.928
0.93
0.929
0.93
0.93
0.93
0.931
0.929
0.93
0.93
0.929
0.93
0.93
0.93
0.93
0.93
0.929
0.93
0.928
0.93
0.93
0.93
0.93
0.929
0.931
0.93
0.93
0.93
0.929
0.93
0.931
0.933
0.931
0.929
0.93
0.93
0.93
0.931
0.93
0.931
0.929
0.931
0.929
0.93
0.93
0.93
0.929
0.929
0.931
0.929
0.931
0.933
0.966
0.952
0.943
0.952
0.941
0.929
0.93
0.93
0.929
0.931
0.932
0.932
0.931
0.93
0.929
0.93
0.93
0.933
0.929
0.929
0.931
0.93
0.93
0.929
0.93
0.932
0.929
0.929
0.93
0.93
0.932
0.94
0.95
0.956
0.929
0.931
0.93
0.933
0.929
0.931
0.93
0.93
0.931
0.931
0.935
0.933
0.931
0.948
0.943
0.929
0.931
0.931
0.931
0.93
0.93
0.929
0.93
0.928
0.929
0.931
0.93
0.93
0.929
0.929
0.931
0.931
0.93
0.93
0.929
0.93
0.931
0.928
0.928
0.927
0.928
0.927
0.929
0.927
0.927
0.927
0.93
0.928
0.929
0.929
0.928
0.928
0.927
0.927
0.927
0.927
0.928
0.928
0.928
0.929
0.928
0.929
0.928
0.927
0.927
0.928
0.927
0.928
0.928
0.928
0.929
0.928
0.93
0.93
0.93
0.929
0.929
0.932
0.927
0.927
0.928
0.927
0.928
0.928
0.928
0.928
0.928
0.928
0.929
0.928
0.928
0.928
0.928
0.929
0.933
0.928
0.93
0.928
0.928
0.932
0.927
0.928
0.929
0.928
0.927
0.928
0.927
0.927
0.928
0.927
0.928
0.928
0.928
0.928
0.928
0.928
0.929
0.928
0.927
0.928
0.928
0.928
0.929
0.928
0.928
0.927
0.928
0.929
0.928
0.928
0.931
0.927
0.927
0.932
0.927
0.928
0.927
0.927
0.927
0.928
0.927
0.927
0.927
0.928
0.929
0.927
0.928
0.927
0.927
0.928
0.929
0.927
0.927
0.927
0.927
0.927
0.928
0.927
0.927
0.927
0.927
0.927
0.928
0.927
0.927
0.927
0.928
0.929
0.927
0.927
0.927
0.928
0.927
0.928
0.927
0.927
0.927
0.927
0.928
0.929
0.927
0.927
0.927
0.927
0.929
0.927
0.927
0.927
0.927
0.927
0.928
0.927
0.927
0.927
0.927
0.927
0.928
0.928
0.927
0.927
0.927
0.928
0.928
0.927
0.927
0.927
0.931
0.928
0.928
0.928
0.927
0.927
0.927
0.929
0.931
0.927
0.927
0.927
0.927
0.928
0.927
0.927
0.927
0.928
0.929
0.927
0.927
0.927
0.927
0.927
0.929
0.927
0.927
0.927
0.927
0.927
0.929
0.927
0.927
0.927
0.928
0.928
0.927
0.927
0.927
0.928
0.927
0.927
0.928
0.928
0.928
0.927
0.928
0.93
0.928
0.928
0.928
0.928
0.928
0.929
0.929
0.928
0.928
0.928
0.93
0.928
0.929
0.929
0.928
0.929
0.93
0.928
0.928
0.928
0.928
0.93
0.93
0.929
0.929
0.929
0.928
