3.649
3.101
1.619
1.394
1.632
1.534
4.015
5.357
3.435
3.384
6.544
3.475
3.439
3.611
3.605
3.738
5.045
3.729
5.325
3.447
5.079
4.748
3.686
3.551
3.507
3.652
5.461
3.722
3.554
7.647
7.852
6.476
5.178
10.491
7.135
4.571
5.871
10.022
3.929
4.343
4.964
7.44
6.256
3.757
4.13
3.418
1.321
1.302
2.799
6.612
3.578
7.539
5.797
3.366
3.62
3.545
5.956
7
4.924
6.908
6.531
3.093
1.528
1.513
1.76
3.792
3.454
1.772
1.59
4.833
3.419
5.181
3.41
6.327
7.768
5.88
3.688
4.495
4.152
3.979
2.287
5.155
8.997
4.079
3.243
2.681
1.379
1.301
1.299
3.506
3.596
3.674
3.621
3.411
4.665
3.67
3.79
5.722
3.421
3.168
