0.077
0.068
0.068
0.067
0.067
0.067
0.068
0.066
0.069
0.066
0.067
0.064
0.065
0.067
0.072
0.064
0.063
0.063
0.063
0.062
0.063
0.063
0.062
0.058
0.062
0.062
0.057
0.062
0.062
0.062
0.063
0.063
0.062
0.063
0.062
0.062
0.062
0.062
0.063
0.063
0.063
0.063
0.063
0.062
0.062
0.062
0.062
0.062
0.063
0.062
0.062
0.063
0.063
0.063
0.063
0.063
0.062
0.062
0.063
0.062
0.062
0.062
0.063
0.063
0.064
0.063
0.062
0.059
0.062
0.062
0.063
0.063
0.063
0.063
0.063
0.063
0.065
0.064
0.064
0.064
0.062
0.063
0.065
0.062
0.065
0.065
0.064
0.064
0.061
0.062
0.061
0.06
0.061
0.06
0.061
0.061
0.066
0.056
0.062
0.06
0.061
0.061
0.061
0.061
0.058
0.06
0.061
0.059
0.059
0.052
0.052
0.052
0.052
0.051
0.052
0.053
0.048
0.053
0.052
0.052
0.052
0.055
0.059
0.058
0.059
0.059
0.059
0.059
0.058
0.058
0.058
0.058
0.053
0.053
0.059
0.058
0.059
0.059
0.057
0.052
0.052
0.052
0.052
0.053
0.052
0.051
0.052
0.052
0.052
0.053
0.047
0.052
0.051
0.051
0.053
0.052
0.059
0.053
0.054
0.054
0.06
0.06
0.06
0.06
0.055
0.061
0.06
0.059
0.06
0.055
0.056
0.056
0.06
0.055
0.052
0.061
0.056
0.056
0.056
0.053
0.056
0.053
0.056
0.061
0.055
0.06
0.06
0.06
0.06
0.06
0.047
0.052
0.051
0.051
0.051
0.051
0.052
0.051
0.046
0.052
0.052
0.048
0.053
0.052
0.052
0.052
0.052
0.052
0.051
0.052
0.054
0.048
0.054
0.054
0.054
0.059
0.059
0.059
0.059
0.054
0.059
0.059
0.054
0.047
0.054
0.054
0.054
0.061
0.054
0.057
0.06
0.059
0.061
0.055
0.055
0.055
0.055
0.06
0.059
0.059
0.062
0.055
0.055
0.055
0.054
0.059
0.059
0.062
0.059
0.059
0.059
0.062
0.06
0.06
0.061
0.06
0.06
0.059
0.059
0.059
0.059
0.059
0.059
0.059
0.056
0.059
0.059
0.06
0.061
0.06
0.06
0.06
0.061
0.055
0.06
0.06
0.06
0.06
0.059
0.06
0.06
0.055
0.055
0.055
0.055
0.06
0.06
0.06
0.06
0.06
0.055
0.056
0.056
0.061
0.056
0.056
0.056
0.055
0.059
0.056
