0.174
0.168
0.16
0.165
0.161
0.161
0.159
0.146
0.147
0.143
0.128
0.131
0.13
0.134
0.127
0.129
0.127
0.131
0.136
0.145
0.14
0.14
0.136
0.135
0.137
0.135
0.126
0.131
0.132
0.13
0.13
0.134
0.132
0.127
0.129
0.133
0.131
0.131
0.132
0.133
0.131
0.131
0.135
0.137
0.134
0.133
0.131
0.13
0.137
0.128
0.133
0.132
0.13
0.131
0.137
0.131
0.135
0.13
0.131
0.138
0.138
0.134
0.134
0.131
0.131
0.137
0.13
0.13
0.129
0.13
0.13
0.133
0.132
0.132
0.144
0.142
0.149
0.151
0.16
0.148
0.149
0.139
0.148
0.141
0.141
0.139
0.158
0.143
0.147
0.14
0.151
0.141
0.142
0.142
0.141
0.152
0.14
0.14
0.141
0.14
