17.624
14.406
16.663
15.395
18.188
18.317
18.226
18.92
23.026
18.221
26.679
24.193
24.832
16.88
15.211
15.735
17.656
24.846
18.794
14.809
17.988
21.549
16.639
20.32
18.632
17.124
20.047
18.137
17.543
17.897
20.287
17.58
17.406
15.277
12.835
14.32
11.947
14.394
11.728
14.548
17.205
20.721
17.817
14.77
16.466
16.061
19.1
20.36
17.359
15.318
22.392
18.865
16.796
19.415
23.107
21.62
15.262
16.955
20.007
16.12
17.936
16.924
22.755
17.779
11.401
13.169
11.234
8.117
21.589
15.667
17.587
14.909
17.072
15.156
17.608
23.581
14.912
17.007
15.308
16.268
15.029
14.634
16.992
19.188
22.354
16.621
17.719
23.12
16.425
17.464
16.351
15.3
17.824
15.405
17.348
16.785
15.49
17.498
21.993
16.106
26.434
35.624
31.672
23.059
26.891
35.888
15.224
18.958
15.49
16.424
14.664
21.295
29.38
25.323
17.525
22.498
18.052
15.383
15.793
16.911
36.665
21.352
23.32
18.517
33.714
39.257
32.578
27.18
17.222
30.595
29.246
28.186
18.84
31.155
33.03
35.882
17.664
17.013
18.921
17.243
19.045
14.546
32.647
22.827
9.609
15.413
14.96
15.88
10.995
11.246
14.686
15.24
15.217
16.903
16.763
15.226
15.313
17.557
14.988
15.907
16.181
14.814
7.48
10.12
14.277
14.902
11.577
7.637
7.826
12.645
11.662
14.943
15.896
16.507
15.76
16.222
14.574
16.205
15.001
17.253
15.122
17.037
16.001
15.063
10.552
10.375
7.323
13.125
14.094
16.375
7.134
10.182
15.203
16.748
16.084
15.222
17.376
15.081
15.369
16.942
16.48
20.311
32.013
28.466
14.533
10.901
16.389
16.315
16.581
14.388
10.796
15.304
17.07
15.626
16.229
21.937
27.975
24.292
9.206
9.67
28.455
15.73
15.756
10.768
7.715
14.582
13.933
15.287
14.993
13.314
23.125
23.035
14.713
13.03
8.722
14.197
25.725
22.562
10.832
17.62
27.095
15.05
9.644
10.433
15.488
14.018
13.636
9.733
14.962
10.756
13.888
7.05
14.175
13.013
15.162
7.469
11.532
14.523
13.516
12.41
11.182
15.184
14.377
11.386
10.945
15.946
12.308
11.694
8.434
15.405
10.708
15.468
7.273
14.792
14.51
16.861
7.141
15.444
16.348
14.689
7.028
14.85
15.872
13.809
7.381
13.209
15.999
15.209
7.371
6.78
6.801
6.935
6.862
6.832
6.829
6.824
6.832
6.833
6.848
6.824
6.819
6.9
6.866
6.836
6.836
6.826
6.883
6.852
6.839
7.251
6.846
6.831
6.831
6.866
6.848
6.824
6.79
6.816
6.826
6.846
6.858
6.83
6.835
6.854
6.847
6.854
6.817
7.058
6.824
6.827
6.817
6.878
7.079
6.835
6.844
6.842
6.843
6.844
6.841
6.836
6.822
6.84
6.821
6.855
6.802
6.857
6.828
6.847
6.836
6.83
6.843
6.828
6.792
6.82
6.85
6.82
6.83
6.812
6.82
6.823
6.824
6.83
6.806
6.842
6.836
6.829
6.83
7.337
6.854
6.834
6.814
6.796
6.844
6.855
6.848
6.818
6.898
6.832
6.84
6.862
6.837
6.824
6.97
6.824
6.812
6.858
6.878
6.863
6.849
6.849
6.845
6.849
6.847
6.835
6.847
7.05
6.828
6.833
6.849
6.857
6.83
6.831
6.828
6.838
6.831
6.821
6.839
6.835
6.827
6.829
6.833
6.819
6.908
6.908
6.807
6.849
6.839
7.182
6.841
6.845
6.854
6.83
6.83
7.102
6.819
6.825
6.856
6.807
6.875
6.824
6.808
6.839
6.824
6.807
6.846
6.826
6.834
6.839
6.838
6.837
6.812
6.82
6.819
6.825
6.843
6.83
6.842
6.836
6.826
6.849
7.116
6.824
6.817
6.816
6.964
6.842
6.82
6.836
7.186
6.863
6.849
6.833
6.829
6.837
7.214
6.833
6.861
6.829
6.855
6.841
6.882
6.809
6.826
6.813
6.831
6.825
6.846
6.864
6.844
6.835
6.839
6.856
6.848
6.833
6.893
6.914
6.836
6.839
6.831
6.825
6.813
6.829
6.819
6.836
6.836
6.863
6.82
6.81
8.206
6.878
6.818
6.865
6.831
6.974
6.779
6.794
6.79
6.79
6.776
6.793
6.82
6.823
6.799
6.779
6.796
6.794
6.805
6.774
6.801
6.775
6.791
6.808
6.792
6.833
6.781
6.813
6.794
6.825
6.777
6.795
6.785
6.834
6.774
6.76
6.774
6.764
6.769
6.761
6.773
6.77
6.764
6.77
6.763
6.771
6.773
6.777
6.783
6.8
14.748
12.705
15.423
14.97
15.703
15.868
14.946
15.94
15.045
15.928
13.09
10.47
15.072
14.351
16.023
15.012
15.575
16.036
14.997
16.689
15.771
13.718
8.491
11.943
15.24
13.554
16.07
16.501
14.803
15.507
16.068
15.043
16.182
13.619
9.241
14.958
16.609
15.545
13.975
24.089
16.213
17.727
17.576
18.055
12.002
7.678
11.107
14.869
15.025
17.694
15.909
14.539
15.541
15.994
14.866
14.865
12.331
7.408
12.18
14.848
13.914
16.753
15.318
14.903
15.732
16.798
17.074
15.605
14.154
7.198
6.802
6.796
6.87
6.804
6.793
6.798
6.974
7.609
6.812
6.826
7.315
6.807
6.872
7.649
6.826
6.853
6.893
7.025
6.79
6.79
7.329
6.801
6.825
6.784
6.83
6.804
7.688
6.825
6.832
6.921
6.823
6.907
6.98
6.944
6.849
6.839
6.843
6.793
7.434
6.887
6.868
6.777
6.768
6.828
6.957
6.821
6.813
6.801
6.793
6.79
6.789
6.778
6.785
6.778
6.778
6.802
6.809
6.762
6.771
6.771
6.781
6.817
6.798
6.811
6.79
6.849
6.784
6.8
6.803
6.809
6.811
7.247
6.801
6.805
6.804
6.824
6.831
7.636
6.807
6.819
6.791
6.798
6.807
6.877
6.825
6.797
6.81
6.785
6.804
6.784
6.797
6.781
6.791
6.781
7.041
7.188
6.782
6.807
6.775
6.81
6.818
6.794
6.794
7.07
7.122
7.589
6.815
6.825
6.862
6.845
6.796
6.834
7.161
6.804
6.983
6.785
6.919
6.788
7.34
6.799
6.798
6.791
6.794
6.803
6.779
6.819
6.778
6.795
6.782
6.867
6.782
6.807
6.792
6.812
6.821
6.792
6.801
6.806
6.817
6.804
6.8
6.814
6.995
7.087
6.867
6.798
7.699
6.784
6.81
6.795
7.071
6.775
6.811
6.802
6.806
6.8
6.78
6.792
6.778
6.771
6.761
6.779
6.762
6.769
6.768
6.769
6.77
6.759
6.778
6.772
6.773
6.762
6.769
6.772
6.766
6.769
6.768
6.768
6.782
6.783
6.782
6.79
6.793
6.777
6.805
6.781
6.798
6.798
6.83
6.821
6.834
6.795
6.786
6.806
6.787
6.798
6.803
6.818
6.954
6.797
6.79
6.893
6.798
6.876
7.115
6.795
6.796
6.812
6.799
6.801
6.813
7.152
6.786
6.795
6.855
7.114
6.823
7.092
6.787
6.803
6.791
6.788
6.797
6.799
6.783
6.799
6.786
6.794
6.774
6.799
6.8
6.791
6.789
6.78
6.788
6.86
6.996
7.787
6.795
7.254
7.16
6.96
6.887
6.877
6.86
6.859
7.25
7.018
6.794
6.811
6.791
6.795
6.812
6.912
6.803
6.802
6.845
6.979
7.211
7.344
7.64
6.797
6.892
6.784
6.816
6.796
6.8
6.88
6.967
6.803
6.816
6.915
7.598
6.803
6.805
6.791
6.801
6.795
6.793
6.818
6.812
6.848
6.839
6.836
6.806
6.821
6.814
6.901
6.796
6.963
7.668
6.782
6.942
7.378
7.035
6.783
6.811
6.814
7.375
6.778
6.762
6.77
6.763
6.775
6.767
6.777
6.782
6.793
6.804
6.829
6.792
6.787
6.806
6.808
6.81
6.773
6.76
6.772
6.764
6.768
6.76
6.769
6.827
7.416
6.863
6.867
6.926
6.866
6.842
6.797
6.804
6.822
6.808
6.794
6.809
6.781
6.772
6.788
6.779
6.779
6.763
6.864
7.367
6.878
6.811
6.849
6.793
6.826
6.821
6.825
6.797
6.788
6.78
6.8
6.789
6.762
6.771
6.764
6.77
7.478
7.091
6.84
6.84
6.876
6.835
6.823
6.836
6.852
6.844
6.793
6.814
6.781
6.772
6.806
6.796
6.825
6.824
6.806
6.785
6.773
7.245
6.885
