4.075
4.011
4.011
4.012
4.65
4.211
4.01
4.019
4.018
4.019
4.021
4.597
4.586
4.016
4.654
4.018
4.886
4.612
4.525
4.015
4.02
4.034
4.019
4.013
4.017
4.041
4.018
4.024
4.047
4.017
4.026
4.586
4.66
7.739
13.59
12.003
4.539
4.105
4.49
14.426
12.712
4.593
4.084
4.015
4.459
4.582
10.75
4.783
4.603
7.221
4.145
4.023
4.856
13.256
12.603
5.121
4.077
4.027
8.389
15.032
9.446
4.501
4.021
5.124
14.424
12.291
5.158
4.022
6.02
4.551
15.337
8.824
4.522
4.022
10.606
10.01
12.405
16.725
9.759
9.53
6.788
9.549
13.127
11.226
11.893
10.214
9.676
7.689
12.395
15.843
13.058
12.395
10.887
9.477
9.734
4.559
13.514
8.224
4.268
4.022
4.34
11.647
12.656
5.855
4.24
4.025
5.136
14.099
10.986
4.867
4.044
4.818
4.626
14.819
7.133
4.801
4.098
4.921
6.335
13.703
7.348
4.431
4.019
4.229
4.732
4.58
4.586
4.588
8.983
4.516
4.024
4.989
4.593
5.789
4.675
5.231
5.523
4.228
4.019
9.4
12.222
4.582
4.647
4.327
4.123
4.908
4.595
4.611
4.783
4.584
4.743
4.498
4.018
7.785
14.595
4.569
4.637
4.175
4.022
7.032
15.328
9.503
4.317
4.021
4.577
4.581
4.607
4.598
9.932
4.626
4.093
6.13
13.992
10.474
4.662
4.023
4.376
4.583
9.57
10.132
5.601
4.11
4.854
5.175
4.596
4.597
4.603
4.605
4.654
4.472
4.027
6.653
14.143
9.68
4.513
4.025
7.151
14.06
10.312
4.335
4.109
5.306
4.599
4.609
4.59
5.791
4.642
4.517
4.083
4.324
12.593
11.988
5.846
4.232
4.478
4.622
4.898
5.084
4.686
4.692
5.778
4.24
4.081
4.592
4.604
13.723
5.355
4.588
4.052
4.581
4.673
4.637
4.592
4.582
4.609
5.905
4.099
6.016
13.975
10.418
4.684
4.361
4.361
6.498
5.623
12.004
6.373
4.394
4.254
11.123
13.682
6.108
4.195
4.999
10.485
4.619
4.648
8.412
4.516
4.022
5.243
4.678
9.631
4.592
7.978
4.303
4.105
10.85
5.766
4.635
7.417
4.872
4.026
4.714
5.272
14.086
8.74
4.238
4.174
7.579
10.645
12.446
4.96
4.153
4.296
8.022
4.621
4.593
11.527
7.748
4.136
4.642
4.625
4.655
12.692
6.944
4.756
4.105
4.462
4.668
4.61
4.611
11.395
5.206
4.187
5.359
7.671
4.766
4.964
4.66
4.783
4.323
4.301
5.114
4.626
4.787
12.575
5.653
4.194
4.672
11.841
10.916
4.708
4.508
4.102
5.617
14.039
11.393
4.718
4.115
4.208
11.563
12.825
7.029
4.171
5.778
4.663
4.676
12.839
6.179
4.268
4.018
8.813
14.434
7.773
4.366
4.125
6.617
4.66
7.723
11.414
4.79
4.18
9.25
14.486
7.346
4.427
4.112
4.58
4.572
15.158
8.837
4.759
4.029
8.808
15.351
8.887
4.545
4.031
4.016
4.522
4.561
4.705
14.426
7.278
4.202
4.037
6.065
5.221
14.6
6.914
4.748
4.193
8.225
8.079
11.148
4.967
4.022
4.324
4.614
4.598
4.592
4.585
4.609
4.591
4.257
4.179
4.635
4.612
4.599
11.852
4.583
4.194
4.246
12.558
12.661
5.773
4.114
4.04
4.081
4.13
5.171
4.049
4.249
4.013
4.014
4.015
4.02
4.037
4.032
4.017
4.235
4.533
4.011
4.011
4.016
4.019
4.017
4.015
4.015
4.011
4.025
4.011
4.009
4.124
4.016
4.114
4.048
4.046
4.024
4.064
4.208
4.08
4.123
4.024
4.022
4.575
4.019
4.017
4.017
4.564
4.018
4.077
4.696
4.158
4.027
4.016
4.12
4.023
4.01
4.013
4.016
4.07
4.018
4.011
4.023
4.07
4.017
4.062
4.012
4.011
4.011
4.023
4.013
4.01
4.013
4.016
4.019
4.017
4.012
4.011
4.016
4.013
4.01
4.012
4.014
4.078
4.011
4.012
4.051
4.147
4.191
4.019
4.02
4.015
4.019
4.171
4.317
4.014
4.019
4.015
4.127
4.026
4.19
4.553
4.011
4.01
4.012
4.01
4.008
4.009
4.016
4.012
4.011
4.012
4.553
4.012
4.012
4.01
4.011
4.009
4.539
4.141
4.888
4.791
4.016
4.462
4.542
4.023
4.837
4.017
4.037
4.17
4.131
4.626
4.107
4.211
4.036
4.011
4.009
4.011
4.016
4.015
4.012
4.016
4.551
4.012
4.009
4.014
4.112
4.017
4.092
4.158
5.369
4.053
4.712
4.016
4.015
4.033
4.036
4.013
4.012
4.009
4.015
4.017
4.011
4.009
4.01
4.009
4.008
4.013
4.013
4.01
4.015
4.024
4.042
4.028
4.016
4.008
4.009
4.011
4.012
4.013
4.012
4.014
4.013
4.013
4.01
4.01
4.014
4.011
4.018
4.015
4.015
4.01
4.01
4.358
4.027
4.159
4.02
4.23
4.012
4.039
4.029
4.014
4.014
4.013
4.02
4.009
4.012
4.018
4.009
4.153
4.109
4.012
4.017
4.014
4.012
4.016
4.013
4.011
4.012
4.129
4.009
4.015
4.017
4.57
4.01
4.012
4.016
4.38
4.016
4.026
4.066
4.072
4.016
4.018
4.047
4.046
4.045
4.469
4.008
4.011
4.009
4.01
4.008
4.012
4.012
4.01
4.008
4.005
4.008
4.01
4.009
4.008
4.014
4.015
4.017
4.011
4.06
4.127
4.016
4.928
4.074
4.046
4.011
4.303
4.278
4.127
4.107
4.021
4.069
4.171
4.785
4.035
4.036
4.019
4.014
4.012
4.013
4.015
4.016
4.017
4.031
4.638
4.016
4.013
4.123
4.013
4.408
4.03
4.012
4.01
4.011
4.012
4.016
4.012
4.008
4.014
4.01
4.011
4.01
4.021
4.011
4.013
4.013
4.012
4.032
4.013
4.01
4.01
4.138
4.011
4.011
4.011
4.013
4.011
4.009
4.01
4.008
4.01
4.013
4.016
4.017
4.132
4.019
4.207
4.122
4.02
4.687
4.017
4.017
4.123
4.07
4.147
4.012
4.149
4.941
4.015
4.019
4.014
4.082
4.045
4.305
4.198
4.081
4.062
4.018
4.022
4.02
4.013
4.04
4.545
4.012
4.014
4.025
4.012
4.013
4.017
4.01
4.134
4.129
4.017
4.018
4.018
4.539
4.015
4.023
4.027
4.022
4.01
4.026
4.014
4.019
4.015
4.013
4.015
4.013
4.017
4.016
4.257
4.028
4.025
4.728
4.046
4.061
4.788
4.024
4.013
4.013
4.017
4.016
4.011
4.017
4.798
5.142
4.06
4.055
4.022
4.107
4.011
4.014
4.018
4.012
4.012
4.011
4.018
4.731
4.014
4.011
4.014
4.013
4.009
4.015
4.011
4.015
4.014
4.013
4.013
5.321
5.329
4.017
4.155
4.464
4.281
4.027
4.018
4.014
4.014
4.017
4.016
4.011
4.021
4.034
4.575
4.013
4.015
4.013
4.015
4.015
4.025
4.017
4.034
4.062
4.125
4.077
4.021
4.018
4.014
4.014
4.016
4.014
4.013
4.016
4.013
4.01
4.012
4.011
4.01
4.011
4.01
4.014
4.009
4.011
4.015
4.019
4.134
4.768
4.284
4.04
4.085
4.042
4.023
4.028
4.017
4.016
4.016
4.014
4.02
4.021
4.012
4.016
4.01
4.017
4.019
4.023
4.012
4.022
4.014
4.018
4.019
4.013
4.023
4.016
4.016
4.12
4.02
4.741
4.267
4.944
4.189
4.024
4.121
4.116
4.013
4.019
5.124
4.013
4.019
4.016
4.012
4.867
4.01
4.015
4.016
4.014
4.03
4.074
4.044
4.673
4.042
4.015
4.576
4.014
4.05
4.053
4.041
4.019
4.617
4.01
4.011
4.015
4.011
4.005
4.012
4.65
4.009
4.008
4.011
4.011
4.01
4.007
4.009
4.023
4.013
4.01
4.009
4.009
4.008
4.012
4.009
4.006
4.011
4.011
4.015
4.012
4.018
4.013
4.01
4.012
4.011
4.01
4.128
4.527
4.037
4.019
4.063
4.822
4.157
4.02
4.029
4.019
4.014
4.032
4.018
4.019
4.555
4.015
4.018
4.015
