6.777
6.751
6.76
6.762
6.755
6.757
6.76
6.758
6.76
6.765
6.76
6.763
6.758
6.758
6.774
6.766
6.757
9.978
15.828
12.786
6.779
6.783
6.777
6.773
6.77
6.772
6.769
6.771
6.772
6.778
6.785
14.631
14.138
16.272
7.325
7.829
10.408
8.539
7.883
7.579
6.947
6.76
8.959
15.519
14.958
13.686
6.833
7.47
11.287
13.37
7.664
7.613
6.791
12.59
15.262
15.47
8.123
7.216
9.864
9.939
7.879
7.869
7.817
7.031
9.143
15.46
15.235
11.5
6.997
7.265
7.78
12.632
12.593
7.827
6.915
6.832
14.25
14.731
13.554
10.709
7.861
7.752
12.823
7.751
7.726
7.106
6.801
13.69
13.996
18.342
7.567
7.629
12.54
14.712
12.609
7.023
8.769
14.209
21.822
10.882
7.084
7.74
7.858
12.434
7.792
6.883
9.756
13.946
14.403
11.949
7.084
7.705
7.7
10.733
7.703
11.505
6.771
6.891
14.919
13.956
14.206
7.176
9.649
13.369
8.005
8.552
7.012
6.803
13.294
13.759
15.971
7.074
7.615
13.654
14.66
7.545
6.884
6.776
13.142
13.885
16.028
7.642
10.087
7.646
7.676
7.646
7.408
6.996
6.856
6.755
8.711
14.221
14.794
12.792
10.64
12.96
7.751
7.762
7.83
7.85
7.64
7.229
6.789
6.769
14.609
13.97
15.196
8.038
7.688
9.951
8.649
9.225
34.203
8.748
12.253
15.196
18.339
19.724
19.486
19.373
19.453
19.303
17.669
8.474
16.105
19.127
15.157
42.047
24.092
19.61
11.733
8.75
14.738
19.727
17.31
14.034
15.953
19.831
19.654
19.339
11.118
6.745
35.045
23.586
19.153
19.003
19.231
20.055
19.405
14.101
7.984
19.113
19.637
19.611
19.265
8.386
7.629
34.93
17.706
18.031
19.205
20.405
18.004
19.298
19.41
19.51
19.403
17.991
8.475
16.779
19.012
40.195
25.665
20.385
19.9
18.161
9.614
8.096
8.183
8.062
7.718
7.834
7.655
7.838
6.821
9.716
16.542
7.656
7.685
7.881
7.793
7.836
8.101
7.706
7.861
7.666
7.686
7.857
7.708
7.727
7.702
7.644
7.35
7.466
7.105
6.773
6.751
7.004
6.782
6.795
6.794
6.766
7.102
6.759
6.763
6.77
6.775
7.201
7.467
6.817
7.675
6.826
6.803
6.75
6.736
6.737
6.744
6.756
6.744
6.736
6.737
6.753
6.799
6.735
6.737
6.736
6.736
6.746
6.736
6.735
6.737
6.775
6.816
6.811
6.777
6.746
6.748
6.736
6.775
6.735
6.739
6.739
6.744
6.739
6.745
6.737
6.766
6.74
6.735
6.746
6.739
6.735
6.737
6.744
6.741
6.736
6.739
6.736
6.746
6.738
6.746
6.74
6.739
6.738
6.735
6.748
6.736
6.738
6.737
6.747
6.737
6.738
6.736
6.736
6.743
6.736
6.739
6.737
6.744
6.737
6.744
6.739
6.739
6.739
6.738
6.744
6.735
6.739
6.734
6.744
6.736
6.744
6.735
6.736
6.737
6.742
6.747
6.735
6.738
6.737
6.741
6.738
6.738
6.734
6.739
6.746
6.737
6.745
6.738
6.738
6.738
6.737
6.745
6.738
6.763
6.802
6.807
6.737
6.739
6.736
6.736
6.744
6.737
6.738
6.737
6.744
6.736
6.746
6.737
6.739
7.161
6.806
6.768
6.787
6.771
6.776
6.801
6.738
6.746
6.743
6.74
6.742
6.737
6.749
6.738
6.74
6.808
6.773
6.791
6.763
6.736
6.738
6.755
6.738
6.768
6.8
6.765
6.764
6.809
6.802
6.737
6.787
6.801
6.742
6.741
6.738
6.793
6.802
6.762
6.736
6.738
6.764
6.803
6.805
6.757
6.798
6.779
6.769
6.812
6.801
6.743
6.735
6.734
6.742
6.735
6.746
6.734
6.735
6.736
6.737
6.746
6.737
6.735
6.735
6.747
6.738
6.736
6.737
6.736
6.745
6.737
6.745
6.735
6.739
6.74
6.766
6.741
6.807
6.8
6.796
6.806
6.802
6.805
6.809
6.803
6.793
6.81
6.916
7.321
6.9
6.886
6.866
6.889
6.847
6.871
6.852
6.856
6.824
6.827
6.851
6.828
6.835
6.822
6.833
6.816
7.347
6.82
6.804
6.79
6.806
6.829
6.83
6.81
6.794
6.804
6.809
6.798
6.813
6.782
6.796
7.035
7.11
6.801
6.792
6.807
6.8
6.797
6.797
6.811
6.8
6.819
6.789
6.811
6.795
6.812
6.794
6.823
6.828
6.786
14.161
15.577
17.697
8.074
7.667
10.825
7.76
9.796
12.946
7.918
7.859
10.53
17.801
14.809
16.32
18.523
16.145
17.809
17.713
15.979
18.37
15.724
15.307
12.528
8.062
6.842
6.826
15.573
14.52
15.11
7.659
7.829
7.763
7.693
13.882
17.841
10.899
16.456
17.724
14.537
17.299
17.586
14.638
15.732
18.37
18.824
17.704
16.224
12.605
7.858
7.679
7.692
7.242
6.926
7.392
14.958
14.233
14.033
7.685
14.02
15.492
17.535
15.434
15.656
17.387
15.067
15.959
17.11
15.026
15.494
15.485
15.361
17.195
14.994
15.39
8.608
9.294
14.267
14.945
11.649
7.733
11.912
15.268
15.984
18.697
14.375
16.112
16.077
16.521
14.956
15.784
16.214
17.415
15.23
15.045
17.372
10.974
7.43
9.709
13.925
14.378
11.756
7.021
7.84
11.17
14.578
16.098
16.908
14.465
15.971
17.829
17.279
16.528
14.863
15.832
16.831
15.304
15.37
14.191
12.286
7.099
14.074
14.631
15.096
6.919
7.734
7.778
10.948
9.896
11.531
12.052
14.757
15.737
16.958
13.07
15.348
15.032
16.198
15.37
14.909
15.62
14.891
14.07
12.779
7.179
6.808
6.78
6.777
6.767
6.777
6.775
6.767
6.752
6.753
6.76
6.753
6.759
6.756
6.746
6.804
6.825
6.786
6.786
6.737
6.737
6.744
6.741
6.735
6.737
6.737
6.735
6.745
6.735
6.734
6.736
6.744
6.737
6.744
6.737
6.737
6.735
6.737
6.744
6.736
6.734
6.732
6.746
6.733
6.736
6.738
6.735
6.743
6.734
6.743
6.738
6.738
6.736
6.736
6.747
6.736
6.745
6.753
6.746
6.76
6.806
6.809
6.786
6.817
6.821
6.76
6.739
6.74
6.74
6.756
6.74
6.749
6.811
6.81
6.813
6.793
6.751
6.745
6.744
6.734
6.747
6.735
6.736
6.739
6.778
6.81
6.795
6.774
6.735
6.741
6.733
6.741
6.735
6.735
6.753
6.739
6.749
6.741
6.74
6.739
6.751
6.744
6.739
6.738
6.738
6.743
6.74
6.736
6.736
6.744
6.736
6.739
6.742
6.736
6.753
6.74
6.77
6.774
6.769
6.768
6.783
6.777
6.77
6.735
6.735
6.743
6.736
6.747
6.736
6.738
6.739
6.739
6.769
6.765
6.767
6.772
6.789
6.764
6.773
6.742
6.771
6.782
6.783
6.755
6.774
6.769
6.772
6.772
6.776
6.762
6.771
6.773
6.772
6.756
6.769
6.753
6.782
6.778
6.778
6.8
6.781
6.777
6.777
6.783
6.751
6.784
6.782
6.779
6.763
6.756
6.777
6.767
6.78
6.753
6.766
6.751
6.768
6.79
6.779
6.787
6.771
6.748
6.735
6.776
6.757
6.782
6.777
6.761
6.763
6.768
6.772
6.767
6.765
6.78
6.797
6.77
6.775
6.759
6.76
6.781
6.769
6.764
6.793
6.799
6.767
6.804
6.773
6.744
6.753
6.765
6.777
6.732
6.734
6.733
6.743
6.735
6.75
6.746
6.771
6.746
6.736
6.746
6.737
6.735
6.738
6.744
6.738
6.745
6.737
6.738
6.743
6.735
6.745
6.74
6.742
6.744
6.745
6.754
6.734
6.735
6.739
6.747
6.748
6.751
6.742
6.749
6.772
6.738
6.75
6.908
6.756
6.883
6.751
6.735
6.735
6.736
6.748
6.749
6.737
6.736
6.733
6.745
6.738
6.741
6.736
6.737
6.748
6.742
6.748
6.739
6.741
6.743
6.753
6.746
6.744
6.745
6.741
6.749
6.743
6.744
6.757
6.75
6.744
6.742
6.743
6.732
6.735
6.733
6.742
6.734
6.736
6.736
6.733
6.743
6.733
6.736
6.737
6.742
6.733
6.742
6.734
6.733
6.733
6.737
6.743
6.733
6.733
6.733
6.745
6.733
6.733
6.734
6.734
6.795
6.75
6.743
6.745
6.741
6.746
